time,event
0.0,0
37.54,100
37.54,200
37.72,100
38.18,100
61.2,100
61.2,200
62.48,100
114.68,100
168.25,100
168.7,100
171.13,100
171.13,200
176.29,100
177.91,100
201.59,100
202.58,100
202.91,100
302.22,100
303.03,100
303.03,200
355.21,100
366.74,100
401.72,100
402.79,100
407.48,100
425.03,100
506.51,100
507.49,100
543.86,100
543.86,200
628.14,100
633.37,100
635.34,100
673.79,100
674.38,100
695.98,100
696.69,100
711.13,100
713.09,100
713.97,100
714.55,100
714.55,200
0.0,0
0.0,0
0.0,0
0.0,0
107.58,100
107.58,200
160.0,100
173.03,100
173.63,100
173.63,200
196.6,100
242.94,100
248.67,100
317.0,100
318.46,100
318.46,200
334.18,100
339.54,100
341.09,100
341.4,100
342.51,100
343.55,100
343.84,100
343.84,200
344.49,100
357.5,100
360.51,100
415.19,100
418.98,100
421.43,100
421.96,100
422.87,100
425.21,100
425.21,200
433.25,100
434.19,100
434.41,100
435.42,100
436.24,100
436.48,100
486.95,100
487.71,100
488.38,100
491.51,100
497.3,100
497.3,200
594.36,100
596.11,100
596.82,100
600.4,100
602.77,100
605.17,100
611.52,100
616.64,100
641.94,100
643.12,100
644.23,100
661.28,100
662.08,100
662.08,200
666.19,100
668.61,100
670.67,100
671.88,100
672.22,100
673.86,100
674.47,100
681.63,100
681.99,100
684.14,100
686.33,100
686.69,100
690.04,100
690.66,100
703.15,100
703.15,200
749.52,100
750.14,100
752.08,100
752.4,100
754.02,100
756.04,100
760.51,100
760.99,100
761.38,100
762.14,100
763.75,100
764.64,100
790.73,100
792.1,100
792.61,100
795.5,100
819.8,100
819.8,200
836.46,100
840.54,100
841.16,100
857.23,100
861.02,100
861.91,100
862.93,100
864.15,100
865.33,100
887.52,100
889.29,100
890.88,100
891.38,100
904.22,100
907.41,100
907.89,100
913.83,100
919.14,100
919.85,100
919.85,200
975.39,100
976.38,100
977.54,100
978.05,100
980.04,100
986.83,100
994.73,100
1003.13,100
1003.79,100
1007.61,100
1008.25,100
1018.18,100
1019.2,100
1021.14,100
1022.46,100
1042.36,100
1062.82,100
1064.91,100
1070.91,100
1076.93,100
1079.04,100
1079.04,200
1117.07,100
1140.03,100
1141.12,100
1141.66,100
1144.9,100
1145.65,100
1146.15,100
1147.05,100
1148.02,100
1148.85,100
1149.45,100
1150.77,100
1152.01,100
1152.26,100
1189.34,100
1198.95,100
1215.75,100
1218.08,100
1220.79,100
1223.45,100
1224.05,100
1227.37,100
1228.07,100
1228.07,200
1235.76,100
1250.53,100
1251.3,100
1251.57,100
1253.26,100
1254.48,100
1255.1,100
1260.28,100
1267.64,100
1275.09,100
1275.65,100
1276.8,100
1277.18,100
1277.38,100
1278.18,100
1278.66,100
1284.65,100
1285.44,100
1286.07,100
1287.06,100
1287.51,100
1289.19,100
1291.69,100
1292.1,100
1295.14,100
1295.14,200
1317.98,100
1318.51,100
1320.87,100
1329.86,100
1331.05,100
1332.07,100
1334.04,100
1337.45,100
1346.34,100
1347.14,100
1347.6,100
1348.6,100
1349.28,100
1352.72,100
1355.08,100
1355.79,100
1356.3,100
1362.71,100
1372.35,100
1373.78,100
1374.43,100
1377.02,100
1377.53,100
1378.92,100
1379.85,100
1385.5,100
1389.29,100
1389.29,200
1412.71,100
1418.77,100
1421.67,100
1428.49,100
1428.94,100
1429.44,100
1429.99,100
1430.55,100
1431.48,100
1432.24,100
1433.56,100
1437.02,100
1437.66,100
1446.13,100
1448.06,100
1449.64,100
1451.53,100
1451.89,100
1454.04,100
1454.68,100
1459.13,100
1459.26,100
1459.9,100
1460.27,100
1461.53,100
1461.67,100
1463.04,100
1464.96,100
1467.25,100
1467.25,200
1507.28,100
1508.8,100
1510.48,100
1513.48,100
1518.38,100
1519.03,100
1519.78,100
1520.0,100
1520.97,100
1531.43,100
1533.26,100
1535.15,100
1536.58,100
1540.27,100
1547.81,100
1553.25,100
1555.39,100
1557.95,100
1560.6,100
1561.67,100
1562.25,100
1568.46,100
1570.35,100
1571.52,100
1571.86,100
1580.7,100
1582.5,100
1583.03,100
1583.73,100
1584.98,100
1585.83,100
1585.83,200
1602.55,100
1604.82,100
1605.3,100
1606.08,100
1606.5,100
1608.84,100
1609.34,100
1610.57,100
1623.56,100
1623.65,100
1623.87,100
1626.38,100
1626.86,100
1638.59,100
1639.48,100
1639.8,100
1642.13,100
1645.84,100
1646.51,100
1647.62,100
1656.92,100
1657.29,100
1659.05,100
1659.51,100
1660.16,100
1661.65,100
1662.07,100
1667.46,100
1667.8,100
1675.17,100
1678.66,100
1680.69,100
1681.13,100
1681.13,200
1692.21,100
1693.51,100
1700.3,100
1701.78,100
1702.9,100
1720.75,100
1723.66,100
1727.36,100
1731.48,100
1735.67,100
1740.41,100
1746.17,100
1746.64,100
1747.17,100
1751.45,100
1752.36,100
1752.9,100
1756.37,100
1756.72,100
1762.26,100
1762.65,100
1766.31,100
1770.43,100
1770.74,100
1771.11,100
1771.48,100
1771.68,100
1772.25,100
1773.29,100
1773.75,100
1775.58,100
1777.15,100
1778.2,100
1778.76,100
1783.82,100
1783.82,200
1807.44,100
1810.42,100
1811.32,100
1816.68,100
1818.92,100
1819.21,100
1829.86,100
1830.72,100
1832.64,100
1837.11,100
1838.19,100
1839.0,100
1840.74,100
1841.25,100
1842.92,100
1843.5,100
1844.21,100
1845.9,100
1847.47,100
1848.64,100
1848.87,100
1850.37,100
1850.71,100
1851.9,100
1853.78,100
1856.1,100
1856.39,100
1856.94,100
1860.39,100
1863.0,100
1878.51,100
1881.18,100
1881.57,100
1883.54,100
1885.18,100
1885.85,100
1887.6,100
1887.6,200
1900.16,100
1901.85,100
1902.39,100
1902.57,100
1902.64,100
1903.84,100
1905.07,100
1905.39,100
1911.63,100
1912.08,100
1912.39,100
1915.36,100
1916.57,100
1917.86,100
1918.09,100
1923.66,100
1930.28,100
1934.94,100
1935.61,100
1939.44,100
1942.87,100
1945.28,100
1946.9,100
1947.75,100
1950.34,100
1955.66,100
1958.91,100
1960.93,100
1966.14,100
1968.12,100
1970.0,100
1977.33,100
1978.52,100
1978.84,100
1981.1,100
1982.57,100
1983.57,100
1983.98,100
1986.83,100
1986.83,200
1987.03,100
2020.66,100
2028.46,100
2028.7,100
2033.46,100
2034.7,100
2044.05,100
2046.22,100
2048.89,100
2050.57,100
2051.38,100
2052.58,100
2053.33,100
2054.43,100
2056.27,100
2061.14,100
2061.93,100
2062.48,100
2063.04,100
2063.55,100
2066.91,100
2067.83,100
2069.3,100
2071.57,100
2074.82,100
2077.15,100
2078.65,100
2082.93,100
2085.41,100
2088.92,100
2092.76,100
2096.05,100
2098.66,100
2099.17,100
2102.12,100
2103.73,100
2106.49,100
2109.64,100
2109.78,100
2116.9,100
2118.57,100
2118.57,200
2165.74,100
2167.21,100
2169.54,100
2169.94,100
2171.39,100
2171.98,100
2177.78,100
2182.57,100
2183.15,100
2191.37,100
2191.91,100
2192.91,100
2195.27,100
2195.76,100
2197.37,100
2198.1,100
2199.02,100
2201.23,100
2203.73,100
2204.16,100
2204.31,100
2206.25,100
2207.12,100
2210.07,100
2211.1,100
2211.95,100
2213.26,100
2215.1,100
2217.69,100
2218.02,100
2218.75,100
2219.35,100
2220.61,100
2221.06,100
2221.8,100
2222.14,100
2225.25,100
2229.27,100
2229.77,100
2231.45,100
2232.54,100
2234.04,100
2235.95,100
2235.95,200
2251.03,100
2251.48,100
2281.38,100
2282.06,100
2284.84,100
2286.16,100
2287.01,100
2290.4,100
2293.81,100
2294.2,100
2295.11,100
2307.31,100
2308.8,100
2310.03,100
2310.74,100
2312.2,100
2313.26,100
2314.74,100
2315.29,100
2317.35,100
2318.56,100
2319.67,100
2321.55,100
2321.7,100
2323.91,100
2324.13,100
2324.58,100
2326.36,100
2327.99,100
2332.69,100
2334.16,100
2338.07,100
2338.59,100
2341.25,100
2341.95,100
2349.17,100
2350.07,100
2351.73,100
2352.44,100
2355.15,100
2364.65,100
2365.81,100
2366.24,100
2371.97,100
2374.31,100
2374.31,200
2383.53,100
2385.18,100
2395.36,100
2397.03,100
2407.16,100
2408.17,100
2408.9,100
2409.58,100
2410.46,100
2410.88,100
2412.75,100
2416.58,100
2439.09,100
2439.27,100
2444.49,100
2445.12,100
2460.34,100
2461.35,100
2466.45,100
2467.66,100
2468.21,100
2472.0,100
2475.78,100
2476.07,100
2490.81,100
2491.67,100
2491.83,100
2492.25,100
2492.61,100
2494.75,100
2496.9,100
2497.31,100
2500.0,100
2500.54,100
2505.37,100
2515.68,100
2516.58,100
2518.11,100
2520.35,100
2521.52,100
2524.43,100
2530.33,100
2532.08,100
2533.31,100
2534.14,100
2587.19,100
2589.59,100
2589.59,200
2602.08,100
2603.18,100
2611.56,100
2613.37,100
2614.04,100
2616.29,100
2616.73,100
2630.72,100
2631.89,100
2633.53,100
2650.55,100
2652.48,100
2659.72,100
2660.23,100
2661.11,100
2662.61,100
2663.33,100
2664.81,100
2665.23,100
2665.71,100
2668.1,100
2668.82,100
2671.44,100
2671.92,100
2674.04,100
2677.7,100
2678.16,100
2679.37,100
2681.75,100
2683.19,100
2683.79,100
2685.02,100
2686.24,100
2686.86,100
2699.31,100
2700.75,100
2701.25,100
2702.48,100
2703.83,100
2704.13,100
2704.82,100
2711.45,100
2714.98,100
2716.15,100
2717.87,100
2719.42,100
2720.71,100
2721.64,100
2722.32,100
2722.32,200
2762.95,100
2763.62,100
2787.43,100
2787.98,100
2796.43,100
2796.89,100
2797.26,100
2797.65,100
2799.51,100
2799.78,100
2801.06,100
2802.86,100
2803.39,100
2811.0,100
2811.76,100
2813.02,100
2813.97,100
2816.0,100
2817.76,100
2818.63,100
2819.89,100
2821.04,100
2821.71,100
2823.4,100
2825.37,100
2826.33,100
2836.83,100
2837.65,100
2842.22,100
2843.18,100
2846.72,100
2847.66,100
2856.89,100
2858.12,100
2858.53,100
2860.63,100
2862.06,100
2862.82,100
2863.72,100
2865.01,100
2865.27,100
2866.99,100
2875.32,100
2877.59,100
2885.58,100
2887.3,100
2890.2,100
2890.8,100
2891.37,100
2892.0,100
2892.67,100
2892.67,200
2926.98,100
2928.59,100
2929.42,100
2941.09,100
2941.83,100
2942.13,100
2961.86,100
2962.63,100
2963.74,100
2964.76,100
2965.2,100
2972.52,100
2973.34,100
2977.18,100
2986.03,100
2989.41,100
2994.41,100
2994.83,100
2997.93,100
3001.03,100
3003.81,100
3004.56,100
3006.86,100
3007.9,100
3027.21,100
3039.77,100
3046.23,100
3047.0,100
3048.39,100
3050.76,100
3053.86,100
3056.5,100
3062.01,100
3065.73,100
3067.8,100
3068.77,100
3069.93,100
3072.34,100
3072.84,100
3081.38,100
3082.95,100
3087.53,100
3089.68,100
3090.32,100
3097.26,100
3099.74,100
3100.05,100
3110.6,100
3116.78,100
3117.39,100
3119.27,100
3121.52,100
3123.23,100
3123.23,200
3167.19,100
3169.42,100
3171.17,100
3171.93,100
3173.52,100
3174.52,100
3179.06,100
3180.51,100
3187.62,100
3192.1,100
3192.44,100
3195.23,100
3196.68,100
3198.08,100
3203.81,100
3204.46,100
3205.41,100
3207.36,100
3209.01,100
3210.11,100
3212.96,100
3214.69,100
3217.42,100
3219.58,100
3221.95,100
3222.17,100
3224.84,100
3226.6,100
3228.42,100
3229.49,100
3230.37,100
3231.62,100
3232.81,100
3234.06,100
3234.88,100
3240.75,100
3244.71,100
3245.69,100
3248.32,100
3249.08,100
3249.95,100
3252.13,100
3254.54,100
3255.59,100
3255.99,100
3268.16,100
3277.1,100
3279.34,100
3281.15,100
3283.72,100
3284.05,100
3285.71,100
3292.4,100
3293.27,100
3300.16,100
3300.16,200
3343.98,100
3346.2,100
3348.87,100
3349.42,100
3350.0,100
3350.7,100
3351.01,100
3357.98,100
3358.12,100
3359.93,100
3361.54,100
3361.95,100
3370.57,100
3374.08,100
3376.19,100
3381.71,100
3382.97,100
3384.56,100
3386.06,100
3391.9,100
3393.15,100
3395.49,100
3398.16,100
3402.19,100
3402.92,100
3403.15,100
3410.32,100
3412.76,100
3413.72,100
3421.45,100
3423.56,100
3425.39,100
3429.21,100
3430.0,100
3430.87,100
3432.92,100
3434.97,100
3437.13,100
3438.12,100
3440.22,100
3441.8,100
3453.64,100
3455.05,100
3455.55,100
3457.45,100
3458.45,100
3468.62,100
3469.88,100
3470.6,100
3472.87,100
3473.46,100
3473.86,100
3479.65,100
3480.67,100
3480.97,100
3489.86,100
3490.78,100
3490.78,200
3509.15,100
3514.31,100
3514.46,100
3525.22,100
3525.78,100
3527.4,100
3543.81,100
3544.97,100
3548.63,100
3551.7,100
3553.24,100
3554.22,100
3556.36,100
3558.87,100
3560.9,100
3562.76,100
3563.65,100
3566.17,100
3566.88,100
3568.07,100
3569.61,100
3571.46,100
3572.37,100
3572.76,100
3573.05,100
3573.83,100
3574.09,100
3574.8,100
3575.05,100
3576.17,100
3577.49,100
3578.78,100
3579.47,100
3602.51,100
3607.58,100
3612.0,100
3615.25,100
3616.18,100
3618.34,100
3624.36,100
3628.91,100
3632.5,100
3635.29,100
3636.73,100
3637.11,100
3638.87,100
3648.56,100
3650.48,100
3651.43,100
3652.16,100
3653.27,100
3654.7,100
3657.25,100
3659.92,100
3661.67,100
3662.02,100
3662.78,100
3677.39,100
3681.24,100
3681.24,200
3719.52,100
3721.19,100
3729.95,100
3741.76,100
3743.08,100
3743.77,100
3745.74,100
3746.38,100
3748.93,100
3750.71,100
3751.23,100
3754.81,100
3762.15,100
3762.67,100
3764.31,100
3765.41,100
3768.77,100
3770.22,100
3770.36,100
3772.03,100
3773.23,100
3777.12,100
3793.4,100
3795.51,100
3798.97,100
3799.67,100
3800.33,100
3822.64,100
3824.26,100
3826.96,100
3829.25,100
3831.72,100
3839.15,100
3845.72,100
3847.18,100
3847.29,100
3848.44,100
3850.77,100
3851.35,100
3856.77,100
3858.1,100
3860.64,100
3863.48,100
3864.09,100
3866.11,100
3868.9,100
3869.29,100
3875.26,100
3876.63,100
3878.35,100
3878.68,100
3882.46,100
3884.1,100
3884.75,100
3885.53,100
3911.2,100
3912.75,100
3921.59,100
3924.14,100
3926.62,100
3935.7,100
3935.7,200
4022.4,100
4024.59,100
4024.91,100
4026.54,100
4027.29,100
4028.23,100
4030.67,100
4030.99,100
4031.39,100
4037.66,100
4038.99,100
4040.12,100
4046.29,100
4047.45,100
4053.2,100
4053.6,100
4054.84,100
4055.54,100
4057.25,100
4058.98,100
4060.72,100
4062.65,100
4066.4,100
4071.47,100
4074.99,100
4077.93,100
4078.58,100
4091.38,100
4092.12,100
4092.98,100
4098.09,100
4099.58,100
4100.89,100
4104.01,100
4117.42,100
4120.18,100
4120.88,100
4146.88,100
4147.42,100
4148.01,100
4150.12,100
4151.16,100
4159.8,100
4160.75,100
4177.07,100
4179.09,100
4186.78,100
4188.17,100
4195.51,100
4197.33,100
4213.6,100
4218.68,100
4220.46,100
4226.44,100
4226.9,100
4235.92,100
4254.84,100
4256.54,100
4268.87,100
4274.67,100
4286.31,100
4288.35,100
4307.2,100
4307.2,200
4397.3,100
4398.46,100
4425.47,100
4427.97,100
4431.37,100
4463.96,100
4466.59,100
4470.63,100
4471.5,100
4472.95,100
4474.11,100
4497.61,100
4518.58,100
4520.89,100
4523.56,100
4526.59,100
4528.09,100
4528.86,100
4532.12,100
4533.77,100
4534.15,100
4537.59,100
4539.55,100
4548.88,100
4550.97,100
4554.9,100
4556.66,100
4559.78,100
4571.26,100
4576.65,100
4580.95,100
4595.22,100
4599.36,100
4601.01,100
4603.38,100
4603.61,100
4626.29,100
4627.81,100
4629.21,100
4670.27,100
4670.97,100
4672.55,100
4673.6,100
0.0,0
15.2,100
15.2,200
27.55,100
29.2,100
31.75,100
31.75,200
40.91,100
41.45,100
42.72,100
43.73,100
44.43,100
44.43,200
55.16,100
55.45,100
58.16,100
62.56,100
63.01,100
63.53,100
64.81,100
64.81,200
72.03,100
72.5,100
74.22,100
77.11,100
82.11,100
83.55,100
85.09,100
86.54,100
87.85,100
87.85,200
106.1,100
108.82,100
109.72,100
111.13,100
112.67,100
112.79,100
114.47,100
131.18,100
131.59,100
132.88,100
143.8,100
143.8,200
172.14,100
174.87,100
177.69,100
186.12,100
187.24,100
188.35,100
189.03,100
191.4,100
192.07,100
193.02,100
193.47,100
195.83,100
204.53,100
204.53,200
213.43,100
213.92,100
215.25,100
227.3,100
229.83,100
231.0,100
231.29,100
247.91,100
249.84,100
251.26,100
252.3,100
253.83,100
254.46,100
261.96,100
262.26,100
262.26,200
278.71,100
278.99,100
280.11,100
280.49,100
283.6,100
284.24,100
284.63,100
288.04,100
290.02,100
291.03,100
292.75,100
293.09,100
300.1,100
301.62,100
302.71,100
302.97,100
316.36,100
316.36,200
316.51,100
327.8,100
328.71,100
329.98,100
330.94,100
335.82,100
336.99,100
338.4,100
347.68,100
348.78,100
350.27,100
351.36,100
351.87,100
353.13,100
356.21,100
357.76,100
358.25,100
358.9,100
359.11,100
359.11,200
394.91,100
396.05,100
398.33,100
405.02,100
406.08,100
407.43,100
407.86,100
408.3,100
409.82,100
410.91,100
411.36,100
414.94,100
415.79,100
417.24,100
423.45,100
426.44,100
426.98,100
427.6,100
428.32,100
429.33,100
430.76,100
430.76,200
472.09,100
473.6,100
474.11,100
474.89,100
486.83,100
487.88,100
488.86,100
489.27,100
492.38,100
493.16,100
493.4,100
493.57,100
498.01,100
500.34,100
501.51,100
501.92,100
502.44,100
503.24,100
504.35,100
504.89,100
506.4,100
508.53,100
509.6,100
509.6,200
542.36,100
543.61,100
544.29,100
547.51,100
547.76,100
548.6,100
558.0,100
558.78,100
559.72,100
560.23,100
561.49,100
561.78,100
561.97,100
562.56,100
562.82,100
567.01,100
567.99,100
572.26,100
572.69,100
574.41,100
574.49,100
575.7,100
576.55,100
577.6,100
577.91,100
577.91,200
598.32,100
611.95,100
612.82,100
613.39,100
614.64,100
624.05,100
626.59,100
627.96,100
629.88,100
630.19,100
630.5,100
631.64,100
634.68,100
635.4,100
637.22,100
638.99,100
639.67,100
640.12,100
641.78,100
643.04,100
644.68,100
646.15,100
650.4,100
652.19,100
653.2,100
654.9,100
656.56,100
656.56,200
679.09,100
679.53,100
683.28,100
684.31,100
688.01,100
688.84,100
690.04,100
690.8,100
691.64,100
692.19,100
692.57,100
693.52,100
697.29,100
698.15,100
699.42,100
699.74,100
700.35,100
700.63,100
702.47,100
704.81,100
705.41,100
707.61,100
710.38,100
710.84,100
712.12,100
715.66,100
716.78,100
717.72,100
719.04,100
719.04,200
736.77,100
745.19,100
746.21,100
746.74,100
747.22,100
747.54,100
747.62,100
748.7,100
749.8,100
750.05,100
752.29,100
753.54,100
753.89,100
754.09,100
754.72,100
755.19,100
755.56,100
755.99,100
756.19,100
756.59,100
759.62,100
759.85,100
760.45,100
761.06,100
761.89,100
763.6,100
763.88,100
764.45,100
765.56,100
766.39,100
766.65,100
766.65,200
766.84,100
777.23,100
777.43,100
785.43,100
786.3,100
786.61,100
793.68,100
795.07,100
799.4,100
799.73,100
800.99,100
801.45,100
801.89,100
802.19,100
803.31,100
803.49,100
804.41,100
806.92,100
807.97,100
808.35,100
809.7,100
811.71,100
812.53,100
815.07,100
815.7,100
816.18,100
817.01,100
817.5,100
818.24,100
818.4,100
821.18,100
822.5,100
824.31,100
824.31,200
827.8,100
829.41,100
830.36,100
831.48,100
833.24,100
834.24,100
836.24,100
837.59,100
838.05,100
838.72,100
839.23,100
839.75,100
840.46,100
841.67,100
846.12,100
846.71,100
847.29,100
847.93,100
849.94,100
855.29,100
856.21,100
856.82,100
857.53,100
857.99,100
859.04,100
859.46,100
860.11,100
862.14,100
863.28,100
863.45,100
863.76,100
864.86,100
865.64,100
866.74,100
872.66,100
872.66,200
900.65,100
900.79,100
904.27,100
904.97,100
905.77,100
906.53,100
906.81,100
907.5,100
908.15,100
913.04,100
914.08,100
914.51,100
917.0,100
917.84,100
919.06,100
919.54,100
920.38,100
927.86,100
928.33,100
929.38,100
930.5,100
931.86,100
932.1,100
936.03,100
936.26,100
937.12,100
938.16,100
939.04,100
939.54,100
940.17,100
940.45,100
940.97,100
942.0,100
942.8,100
944.04,100
944.28,100
945.29,100
945.29,200
972.8,100
988.12,100
989.31,100
991.63,100
992.06,100
992.66,100
993.37,100
997.2,100
997.72,100
998.44,100
998.81,100
998.91,100
999.44,100
1000.02,100
1000.98,100
1001.32,100
1006.13,100
1007.8,100
1009.29,100
1010.21,100
1010.36,100
1010.71,100
1011.29,100
1012.65,100
1013.55,100
1014.32,100
1014.66,100
1016.03,100
1017.2,100
1019.36,100
1021.17,100
1021.66,100
1022.56,100
1023.85,100
1025.01,100
1025.36,100
1025.63,100
1030.34,100
1031.75,100
1031.75,200
1067.05,100
1067.49,100
1067.85,100
1070.11,100
1080.56,100
1083.04,100
1083.67,100
1087.24,100
1088.65,100
1090.04,100
1094.14,100
1095.59,100
1100.6,100
1101.9,100
1102.24,100
1105.61,100
1105.88,100
1109.83,100
1109.99,100
1110.94,100
1114.45,100
1115.34,100
1116.78,100
1118.28,100
1119.74,100
1121.17,100
1122.71,100
1122.96,100
1124.04,100
1124.53,100
1130.01,100
1131.21,100
1132.39,100
1135.85,100
1136.63,100
1136.91,100
1140.87,100
1141.39,100
1142.23,100
1142.82,100
1143.62,100
1143.62,200
1184.12,100
1185.34,100
1201.92,100
1202.62,100
1203.84,100
1204.81,100
1205.95,100
1207.26,100
1209.06,100
1209.77,100
1210.29,100
1211.4,100
1212.88,100
1214.81,100
1215.44,100
1218.7,100
1221.0,100
1222.95,100
1224.25,100
1226.0,100
1226.48,100
1227.3,100
1228.27,100
1229.06,100
1229.53,100
1230.65,100
1232.99,100
1235.51,100
1235.87,100
1236.08,100
1236.2,100
1237.77,100
1238.68,100
1239.33,100
1240.5,100
1241.92,100
1242.82,100
1244.91,100
1246.39,100
1246.98,100
1250.96,100
1251.86,100
1252.89,100
1252.89,200
1253.05,100
1278.8,100
1279.46,100
1281.65,100
1295.79,100
1296.86,100
1298.88,100
1299.53,100
1300.24,100
1303.04,100
1303.45,100
1304.35,100
1305.35,100
1306.87,100
1307.79,100
1308.4,100
1310.26,100
1310.59,100
1310.83,100
1311.99,100
1315.53,100
1315.97,100
1316.53,100
1318.56,100
1319.0,100
1319.34,100
1320.33,100
1320.59,100
1321.98,100
1323.96,100
1325.19,100
1328.03,100
1331.56,100
1334.76,100
1336.06,100
1337.44,100
1345.35,100
1347.21,100
1347.7,100
1348.65,100
1349.34,100
1351.66,100
1352.95,100
1354.47,100
1357.21,100
1357.21,200
1384.13,100
1384.77,100
1385.2,100
1386.53,100
1391.14,100
1391.73,100
1392.55,100
1393.64,100
1396.86,100
1398.16,100
1399.76,100
1402.74,100
1403.84,100
1404.2,100
1404.63,100
1405.31,100
1405.5,100
1405.79,100
1406.35,100
1406.65,100
1407.99,100
1412.36,100
1413.19,100
1413.97,100
1415.33,100
1418.04,100
1418.3,100
1419.37,100
1420.81,100
1421.74,100
1423.73,100
1428.52,100
1430.7,100
1431.14,100
1433.06,100
1434.44,100
1436.5,100
1438.55,100
1439.44,100
1444.86,100
1446.04,100
1447.14,100
1447.3,100
1448.47,100
1449.15,100
1450.49,100
1450.78,100
1450.78,200
1465.2,100
1465.9,100
1480.23,100
1481.18,100
1485.94,100
1488.02,100
1488.59,100
1489.93,100
1490.36,100
1491.16,100
1491.6,100
1495.47,100
1497.65,100
1499.31,100
1499.55,100
1500.83,100
1503.33,100
1504.8,100
1505.72,100
1508.28,100
1509.99,100
1512.85,100
1513.89,100
1515.3,100
1516.33,100
1516.84,100
1517.27,100
1519.47,100
1520.86,100
1522.72,100
1523.32,100
1523.72,100
1524.02,100
1533.73,100
1536.54,100
1537.37,100
1538.42,100
1538.57,100
1538.96,100
1541.41,100
1542.46,100
1542.95,100
1545.13,100
1546.44,100
1549.62,100
1549.79,100
1551.06,100
1551.86,100
1552.16,100
1552.16,200
1588.43,100
1589.11,100
1590.96,100
1591.83,100
1593.62,100
1593.81,100
1600.9,100
1601.1,100
1602.01,100
1602.76,100
1603.12,100
1604.68,100
1606.15,100
1609.97,100
1610.75,100
1611.61,100
1613.96,100
1615.17,100
1615.62,100
1617.43,100
1617.62,100
1617.89,100
1618.41,100
1623.71,100
1624.55,100
1625.64,100
1626.88,100
1629.32,100
1630.72,100
1631.13,100
1632.45,100
1632.9,100
1633.58,100
1634.16,100
1635.47,100
1636.64,100
1640.53,100
1642.9,100
1643.34,100
1645.8,100
1646.22,100
1647.55,100
1647.8,100
1649.31,100
1649.6,100
1651.89,100
1652.57,100
1653.33,100
1654.16,100
1655.42,100
1658.22,100
1658.22,200
1699.66,100
1715.4,100
1715.86,100
1716.49,100
1720.23,100
1721.64,100
1721.9,100
1722.08,100
1724.0,100
1726.01,100
1727.27,100
1730.07,100
1731.39,100
1731.8,100
1733.27,100
1734.52,100
1735.23,100
1736.24,100
1737.24,100
1738.38,100
1740.22,100
1740.81,100
1743.4,100
1744.23,100
1745.45,100
1745.97,100
1746.88,100
1748.82,100
1749.07,100
1751.56,100
1752.0,100
1752.8,100
1754.22,100
1754.61,100
1755.91,100
1758.29,100
1759.55,100
1759.75,100
1761.71,100
1763.56,100
1764.96,100
1766.71,100
1769.86,100
1770.25,100
1772.14,100
1772.94,100
1774.19,100
1774.7,100
1775.19,100
1775.66,100
1775.74,100
1775.97,100
1777.11,100
1777.11,200
1777.27,100
1807.45,100
1815.41,100
1817.75,100
1818.03,100
1824.35,100
1824.95,100
1825.42,100
1829.09,100
1829.94,100
1832.64,100
1834.79,100
1835.33,100
1836.48,100
1840.0,100
1844.31,100
1847.91,100
1849.81,100
1850.99,100
1851.95,100
1852.1,100
1854.81,100
1857.83,100
1859.27,100
1861.06,100
1862.84,100
1863.46,100
1866.65,100
1870.87,100
1871.23,100
1873.4,100
1874.32,100
1874.46,100
1878.13,100
1879.53,100
1880.33,100
1881.25,100
1882.78,100
1883.14,100
1884.15,100
1884.99,100
1887.27,100
1887.85,100
1889.95,100
1891.02,100
1892.67,100
1896.75,100
1898.29,100
1899.51,100
1900.56,100
1901.97,100
1904.5,100
1906.75,100
1909.6,100
1910.12,100
1910.12,200
1944.82,100
1945.88,100
1954.31,100
1956.77,100
1958.46,100
1962.24,100
1963.62,100
1964.92,100
1965.63,100
1966.78,100
1967.07,100
1968.66,100
1969.95,100
1983.76,100
1984.68,100
1993.38,100
1996.74,100
1997.18,100
1998.7,100
1999.8,100
2000.96,100
2002.38,100
2002.71,100
2006.44,100
2006.8,100
2006.98,100
2007.48,100
2008.18,100
2008.97,100
2009.72,100
2011.04,100
2011.45,100
2013.27,100
2014.38,100
2015.49,100
2017.39,100
2017.93,100
2018.89,100
2020.86,100
2021.03,100
2021.51,100
2024.1,100
2024.64,100
2025.35,100
2027.86,100
2028.58,100
2029.56,100
2029.77,100
2031.1,100
2031.52,100
2032.02,100
2032.13,100
2033.87,100
2034.85,100
2036.08,100
2037.43,100
2037.99,100
2037.99,200
2108.61,100
2110.8,100
2112.32,100
2113.83,100
2116.0,100
2116.32,100
2116.66,100
2122.17,100
2128.37,100
2129.3,100
2129.79,100
2130.18,100
2131.54,100
2134.32,100
2134.84,100
2138.02,100
2139.31,100
2140.94,100
2141.41,100
2143.05,100
2145.53,100
2146.34,100
2148.14,100
2148.55,100
2148.84,100
2150.8,100
2153.84,100
2154.16,100
2156.85,100
2157.32,100
2161.8,100
2162.03,100
2162.76,100
2164.53,100
2164.86,100
2166.92,100
2168.47,100
2171.98,100
2177.12,100
2178.49,100
2180.54,100
2183.23,100
2185.26,100
2188.58,100
2190.59,100
2191.34,100
2192.33,100
2192.6,100
2193.66,100
2194.64,100
2195.56,100
2196.45,100
2197.67,100
2201.31,100
2202.47,100
2204.75,100
2205.14,100
2205.97,100
2207.78,100
2207.78,200
2235.0,100
2236.65,100
2242.38,100
2242.81,100
2243.78,100
2245.43,100
2250.42,100
2251.44,100
2252.35,100
2253.66,100
2256.24,100
2257.59,100
2260.31,100
2261.55,100
2266.95,100
2267.92,100
2270.43,100
2271.46,100
2273.06,100
2274.96,100
2276.7,100
2278.23,100
2278.79,100
2282.89,100
2284.21,100
2286.69,100
2286.96,100
2288.23,100
2291.03,100
2292.01,100
2294.6,100
2295.01,100
2295.17,100
2296.45,100
2297.44,100
2301.99,100
2304.7,100
2305.47,100
2306.99,100
2308.29,100
2308.65,100
2309.96,100
2312.33,100
2312.62,100
2313.66,100
2315.94,100
2316.33,100
2318.95,100
2319.42,100
2320.21,100
2322.51,100
2324.73,100
2324.99,100
2325.45,100
2327.32,100
2327.62,100
2327.92,100
2330.09,100
2330.9,100
2331.69,100
2333.82,100
2333.82,200
2392.8,100
2409.86,100
2410.75,100
2412.22,100
2421.26,100
2423.02,100
2424.26,100
2426.7,100
2428.11,100
2430.97,100
2433.62,100
2435.02,100
2436.81,100
2436.88,100
2438.35,100
2441.45,100
2443.58,100
2445.82,100
2446.16,100
2446.8,100
2449.89,100
2450.04,100
2451.71,100
2452.84,100
2453.03,100
2453.29,100
2454.27,100
2454.47,100
2456.29,100
2456.62,100
2459.35,100
2461.69,100
2463.02,100
2463.8,100
2464.14,100
2466.61,100
2468.79,100
2470.28,100
2473.04,100
2473.51,100
2477.5,100
2478.85,100
2479.42,100
2480.64,100
2482.01,100
2482.39,100
2483.37,100
2483.97,100
2485.14,100
2485.87,100
2487.82,100
2492.76,100
2494.19,100
2498.39,100
2499.91,100
2500.08,100
2502.27,100
2503.69,100
2506.53,100
2508.13,100
2509.7,100
2511.76,100
2514.64,100
2514.64,200
2571.15,100
2571.38,100
2573.31,100
2573.71,100
2583.4,100
2583.62,100
2584.56,100
2585.62,100
2589.4,100
2594.01,100
2595.66,100
2600.25,100
2603.45,100
2609.39,100
2612.73,100
2616.06,100
2617.83,100
2621.18,100
2623.54,100
2626.12,100
2626.44,100
2629.38,100
2630.53,100
2631.71,100
2634.41,100
2635.48,100
2637.19,100
2639.33,100
2639.99,100
2643.11,100
2644.48,100
2647.23,100
2647.58,100
2648.41,100
2650.67,100
2650.89,100
2653.71,100
2654.71,100
2658.8,100
2658.93,100
2659.97,100
2661.67,100
2662.04,100
2662.8,100
2663.6,100
2666.42,100
2669.48,100
2669.96,100
2670.57,100
2671.16,100
2672.61,100
2672.76,100
2674.96,100
2675.15,100
2676.64,100
2676.81,100
2680.81,100
2681.49,100
2684.04,100
2684.9,100
2685.79,100
2688.33,100
2688.49,100
2691.19,100
2691.98,100
2691.98,200
2734.0,100
2735.3,100
2735.64,100
2742.18,100
2743.27,100
2744.52,100
2744.92,100
2745.72,100
2746.49,100
2746.67,100
2747.25,100
2748.28,100
2748.92,100
2749.74,100
2750.35,100
2752.09,100
2753.7,100
2754.85,100
2758.49,100
2758.91,100
2761.15,100
2769.03,100
2769.53,100
2770.07,100
2770.33,100
2771.8,100
2773.73,100
2778.04,100
2780.29,100
2782.23,100
2782.98,100
2785.17,100
2785.57,100
2787.49,100
2789.61,100
2790.16,100
2790.75,100
2794.15,100
2796.54,100
2797.72,100
2799.74,100
2802.35,100
2803.17,100
2803.56,100
2805.7,100
2807.97,100
2811.68,100
2813.02,100
2814.4,100
2818.49,100
2818.67,100
2819.36,100
2819.87,100
2822.76,100
2823.98,100
2824.14,100
2828.1,100
2828.54,100
2831.22,100
2831.54,100
2831.89,100
2834.34,100
2834.59,100
2835.19,100
2838.26,100
2839.0,100
2839.41,100
2839.41,200
2885.18,100
2887.17,100
2887.73,100
2912.55,100
2913.94,100
2915.37,100
2921.5,100
2923.35,100
2925.14,100
2927.63,100
2928.02,100
2935.56,100
2939.99,100
2940.82,100
2942.28,100
2943.8,100
2944.1,100
2944.87,100
2945.79,100
2958.37,100
2959.74,100
2960.05,100
2960.67,100
2962.61,100
2969.7,100
2970.1,100
2972.21,100
2974.5,100
2975.42,100
2975.69,100
2977.77,100
2977.96,100
2982.52,100
2983.87,100
2987.88,100
2990.39,100
2992.1,100
2995.08,100
2995.42,100
2997.03,100
2997.43,100
3000.38,100
3001.03,100
3003.35,100
3005.7,100
3007.24,100
3010.43,100
3014.33,100
3014.52,100
3017.93,100
3018.65,100
3020.42,100
3021.93,100
3026.23,100
3026.95,100
3030.63,100
3030.9,100
3033.68,100
3033.94,100
3037.2,100
3040.73,100
3042.29,100
3045.19,100
3045.34,100
3045.63,100
3049.6,100
3049.88,100
3050.07,100
3052.57,100
3052.57,200
3131.96,100
3133.52,100
3137.34,100
3143.56,100
3143.83,100
3146.81,100
3161.53,100
3165.07,100
3167.8,100
3168.02,100
3169.66,100
3172.55,100
3176.1,100
3180.12,100
3184.27,100
3190.47,100
3190.78,100
3193.45,100
3195.06,100
3198.5,100
3199.66,100
3200.5,100
3203.86,100
3204.82,100
3206.84,100
3209.28,100
3211.57,100
3213.02,100
3214.31,100
3216.12,100
3218.67,100
3220.14,100
3222.93,100
3225.54,100
3227.3,100
3229.06,100
3230.17,100
3231.55,100
3233.3,100
3233.84,100
3238.69,100
3240.51,100
3244.27,100
3245.17,100
3245.78,100
3247.29,100
3250.77,100
3252.94,100
3254.48,100
3254.75,100
3257.31,100
3257.91,100
3259.71,100
3260.96,100
3261.63,100
3261.95,100
3264.51,100
3265.66,100
3267.88,100
3272.11,100
3273.06,100
3273.67,100
3277.79,100
3278.91,100
3279.12,100
3282.12,100
3282.57,100
3284.26,100
3287.78,100
3289.46,100
3293.97,100
3293.97,200
3374.6,100
3424.3,100
3426.48,100
3429.3,100
3430.21,100
3432.42,100
3432.91,100
3434.15,100
3434.41,100
3463.83,100
3466.32,100
3466.65,100
3469.85,100
3470.16,100
3470.47,100
3472.45,100
3475.81,100
3477.84,100
3478.2,100
3481.37,100
3481.69,100
3484.08,100
3487.5,100
3487.74,100
3488.02,100
3492.66,100
3495.39,100
3502.09,100
3502.43,100
3502.9,100
3505.74,100
3506.14,100
3506.75,100
3510.0,100
3510.3,100
3512.41,100
3514.82,100
3515.57,100
3515.75,100
3519.01,100
3520.65,100
3523.27,100
3523.44,100
3523.66,100
3528.06,100
3528.65,100
3530.61,100
3530.97,100
3533.82,100
3535.91,100
3538.08,100
3538.84,100
3542.11,100
3542.46,100
3544.13,100
3544.51,100
3545.67,100
3547.33,100
3549.37,100
3550.07,100
3551.21,100
3553.65,100
3554.04,100
3555.72,100
3558.84,100
3559.41,100
3560.55,100
3562.05,100
3564.18,100
3565.75,100
3566.8,100
3567.01,100
3569.82,100
3569.82,200
3576.75,100
3580.38,100
3586.79,100
3589.9,100
3590.01,100
3594.54,100
3595.31,100
3600.99,100
3601.46,100
3603.54,100
3603.95,100
3606.32,100
3606.79,100
3607.11,100
3610.42,100
3610.63,100
3610.97,100
3612.07,100
3612.99,100
3613.15,100
3613.97,100
3615.4,100
3615.62,100
3616.03,100
3616.96,100
3619.61,100
3622.84,100
3624.07,100
3624.4,100
3626.41,100
3628.35,100
3628.51,100
3628.55,100
3632.42,100
3634.39,100
3634.57,100
3635.69,100
3638.53,100
3639.72,100
3642.61,100
3644.28,100
3645.15,100
3647.97,100
3649.86,100
3650.1,100
3650.85,100
3653.14,100
3653.77,100
3655.66,100
3656.09,100
3657.75,100
3658.21,100
3659.07,100
3659.84,100
3662.1,100
3665.12,100
3667.99,100
3669.25,100
3669.82,100
3671.01,100
3671.71,100
3672.13,100
3672.71,100
3675.55,100
3675.78,100
3677.8,100
3678.74,100
3680.48,100
3682.42,100
3683.3,100
3683.76,100
3685.56,100
3685.73,100
3687.38,100
3688.2,100
3688.2,200
3749.34,100
3755.27,100
3755.85,100
3756.3,100
3760.98,100
3762.39,100
3768.94,100
3770.4,100
3773.27,100
3774.26,100
3774.76,100
3777.78,100
3778.67,100
3781.74,100
3783.82,100
3785.05,100
3785.61,100
3786.71,100
3789.41,100
3790.57,100
3791.92,100
3795.94,100
3796.28,100
3796.63,100
3798.66,100
3798.97,100
3800.95,100
3801.78,100
3804.7,100
3807.91,100
3808.59,100
3811.14,100
3811.42,100
3812.08,100
3813.39,100
3814.46,100
3815.01,100
3815.29,100
3817.32,100
3817.83,100
3818.6,100
3822.54,100
3825.98,100
3827.55,100
3827.95,100
3828.01,100
3828.49,100
3828.76,100
3832.2,100
3832.65,100
3835.47,100
3836.81,100
3837.07,100
3839.47,100
3842.65,100
3842.81,100
3843.55,100
3846.38,100
3848.49,100
3848.83,100
3849.85,100
3850.23,100
3851.97,100
3852.69,100
3855.04,100
3855.62,100
3857.04,100
3857.89,100
3860.17,100
3860.61,100
3860.87,100
3861.85,100
3863.18,100
3864.41,100
3865.45,100
3866.48,100
3866.67,100
3866.67,200
3947.08,100
3963.63,100
3970.25,100
3970.42,100
3971.13,100
3977.57,100
3978.01,100
3979.22,100
3979.52,100
3980.11,100
3982.04,100
3982.59,100
3985.26,100
3987.29,100
3987.72,100
3991.69,100
3993.23,100
3996.47,100
3996.96,100
3997.53,100
3998.32,100
3999.56,100
3999.78,100
4000.14,100
4004.98,100
4006.96,100
4007.56,100
4010.4,100
4010.68,100
4013.19,100
4013.51,100
4013.63,100
4014.35,100
4016.44,100
4019.51,100
4021.76,100
4023.89,100
4026.67,100
4028.3,100
4040.36,100
4041.46,100
4043.39,100
4044.74,100
4045.94,100
4047.9,100
4049.5,100
4052.45,100
4052.64,100
4055.2,100
4057.83,100
4058.79,100
4059.53,100
4060.72,100
4061.72,100
4064.4,100
4064.65,100
4064.96,100
4065.2,100
4067.17,100
4067.42,100
4067.77,100
4069.88,100
4070.53,100
4070.9,100
4073.78,100
4074.08,100
4075.49,100
4078.39,100
4079.49,100
4079.66,100
4082.36,100
4084.99,100
4086.02,100
4087.76,100
4091.28,100
4093.12,100
4095.39,100
4095.64,100
4096.71,100
4096.71,200
4145.96,100
4171.88,100
4173.56,100
4175.04,100
4177.59,100
4180.87,100
4251.52,100
4281.63,100
4282.45,100
4284.64,100
4291.72,100
4293.19,100
4296.19,100
4296.83,100
4300.6,100
4303.59,100
4303.79,100
4304.41,100
4306.14,100
4306.57,100
4312.33,100
4312.69,100
4314.23,100
4314.38,100
4314.6,100
4316.54,100
4317.04,100
4317.25,100
4317.42,100
4319.51,100
4320.11,100
4322.26,100
4324.93,100
4325.34,100
4328.32,100
4328.86,100
4332.42,100
4332.62,100
4333.13,100
4335.02,100
4337.5,100
4337.79,100
4338.83,100
4341.65,100
4342.15,100
4343.83,100
4344.35,100
4346.1,100
4346.52,100
4350.09,100
4352.9,100
4355.48,100
4357.51,100
4360.14,100
4360.62,100
4362.32,100
4362.73,100
4362.99,100
4363.23,100
4364.44,100
4366.4,100
4366.61,100
4367.32,100
4367.55,100
4367.76,100
4368.08,100
4369.68,100
4369.87,100
4372.3,100
4375.69,100
4376.78,100
4377.72,100
4379.84,100
4380.06,100
4380.78,100
4381.07,100
4385.58,100
4388.52,100
4390.72,100
4391.27,100
4391.55,100
4391.55,200
4413.54,100
4416.92,100
4417.76,100
4418.02,100
4419.25,100
4420.34,100
4422.45,100
4423.58,100
4424.1,100
4425.57,100
4426.08,100
4426.5,100
4428.8,100
4429.98,100
4430.24,100
4430.39,100
4431.23,100
4432.76,100
4433.52,100
4433.91,100
4434.44,100
4436.8,100
4437.34,100
4439.06,100
4439.39,100
4440.53,100
4440.97,100
4446.48,100
4446.91,100
4447.6,100
4451.59,100
4452.56,100
4453.37,100
4454.69,100
4455.01,100
4457.95,100
4458.84,100
4459.03,100
4459.97,100
4461.56,100
4465.03,100
4466.95,100
4467.35,100
4469.65,100
4470.22,100
4471.35,100
4472.66,100
4475.3,100
4476.48,100
4476.87,100
4484.83,100
4492.75,100
4494.11,100
4494.19,100
4497.03,100
4498.97,100
4499.17,100
4500.03,100
4502.75,100
4505.4,100
4505.75,100
4507.55,100
4509.95,100
4510.23,100
4510.58,100
4510.97,100
4512.47,100
4513.21,100
4515.55,100
4515.96,100
4518.34,100
4519.02,100
4521.74,100
4522.51,100
4524.1,100
4525.4,100
4531.47,100
4542.74,100
4543.55,100
4544.16,100
4544.61,100
4544.89,100
4546.58,100
4546.58,200
4631.64,100
4633.11,100
4637.46,100
4638.15,100
4639.03,100
4687.17,100
4697.88,100
4699.45,100
4700.54,100
4700.67,100
4701.6,100
4702.98,100
4740.61,100
4743.65,100
4747.8,100
4749.13,100
4752.09,100
4754.04,100
4754.34,100
4756.43,100
4756.66,100
4757.52,100
4759.13,100
4762.85,100
4764.54,100
4764.66,100
4765.85,100
4769.01,100
4772.97,100
4773.23,100
4775.13,100
4776.02,100
4776.72,100
4778.41,100
4779.21,100
4780.69,100
4781.49,100
4782.38,100
4784.46,100
4788.26,100
4789.37,100
4790.55,100
4792.28,100
4795.12,100
4795.92,100
4798.29,100
4801.89,100
4802.72,100
4803.34,100
4803.39,100
4806.03,100
4806.24,100
4808.24,100
4809.82,100
4809.99,100
4814.07,100
4815.38,100
4816.12,100
4816.43,100
4817.16,100
4818.62,100
4821.69,100
4824.34,100
4824.59,100
4824.75,100
4827.42,100
4830.65,100
4830.85,100
4831.52,100
4833.49,100
4839.87,100
4840.62,100
4844.13,100
4844.34,100
4846.32,100
4847.56,100
4850.04,100
4850.27,100
4875.07,100
4875.45,100
4881.19,100
4881.73,100
4881.96,100
4882.66,100
4910.17,100
4910.17,200
4963.6,100
5039.07,100
5039.99,100
5112.97,100
5114.01,100
5114.61,100
5115.4,100
5119.1,100
5119.37,100
5130.14,100
5142.01,100
5158.86,100
5171.13,100
5172.07,100
5183.77,100
5192.41,100
5192.91,100
5195.04,100
5197.04,100
5202.43,100
5205.81,100
5218.54,100
5222.22,100
5222.61,100
5224.78,100
5225.94,100
5227.0,100
5227.88,100
5274.42,100
5276.31,100
5276.7,100
5278.53,100
5281.26,100
5283.02,100
5286.01,100
5286.34,100
5287.47,100
5290.61,100
5291.23,100
5297.28,100
5297.75,100
5297.99,100
5299.22,100
5303.04,100
5306.72,100
5308.39,100
5309.28,100
5310.89,100
5314.15,100
5314.31,100
5327.64,100
5329.18,100
5331.54,100
5332.27,100
5334.19,100
5336.22,100
5336.62,100
5354.58,100
5355.51,100
0.0,0
5.51,100
5.51,200
11.05,100
14.22,100
16.22,100
16.22,200
22.05,100
22.83,100
24.31,100
36.71,100
37.7,100
37.7,200
43.13,100
44.68,100
45.73,100
46.23,100
49.98,100
50.35,100
50.73,100
50.73,200
58.81,100
60.11,100
62.92,100
63.63,100
66.35,100
66.74,100
92.27,100
92.67,100
94.65,100
94.65,200
100.04,100
100.28,100
100.71,100
100.97,100
101.22,100
104.17,100
106.0,100
107.77,100
111.95,100
113.92,100
115.39,100
115.39,200
127.18,100
127.52,100
129.35,100
130.57,100
134.12,100
134.44,100
141.49,100
142.78,100
143.97,100
145.45,100
145.73,100
146.33,100
146.54,100
146.54,200
155.91,100
174.15,100
175.15,100
175.61,100
177.28,100
181.27,100
181.61,100
185.33,100
186.38,100
186.62,100
189.32,100
189.49,100
189.86,100
192.42,100
192.72,100
192.72,200
209.63,100
210.17,100
212.49,100
212.85,100
222.64,100
223.65,100
229.49,100
230.21,100
230.65,100
230.79,100
231.45,100
231.8,100
232.54,100
235.44,100
236.15,100
236.41,100
243.69,100
243.69,200
248.54,100
251.04,100
253.83,100
257.28,100
258.9,100
260.27,100
265.12,100
266.26,100
267.17,100
270.05,100
271.09,100
271.5,100
271.58,100
276.16,100
276.62,100
278.43,100
282.71,100
282.92,100
284.05,100
284.05,200
325.33,100
358.69,100
360.78,100
361.12,100
361.83,100
361.94,100
362.27,100
363.43,100
363.84,100
365.25,100
365.74,100
366.21,100
369.79,100
370.36,100
372.01,100
372.27,100
374.12,100
374.45,100
375.21,100
375.75,100
376.72,100
376.72,200
380.04,100
381.99,100
383.01,100
387.02,100
387.55,100
389.18,100
389.56,100
391.55,100
391.77,100
393.03,100
393.66,100
394.65,100
395.41,100
397.03,100
397.33,100
399.11,100
399.54,100
404.08,100
405.57,100
405.77,100
408.17,100
408.43,100
409.91,100
409.91,200
415.04,100
415.23,100
423.07,100
424.58,100
427.57,100
427.85,100
429.45,100
429.74,100
431.48,100
431.88,100
432.14,100
432.77,100
433.66,100
433.85,100
434.13,100
435.2,100
435.5,100
437.4,100
438.42,100
441.37,100
442.21,100
443.32,100
447.02,100
448.53,100
449.76,100
449.76,200
497.68,100
498.28,100
507.38,100
524.95,100
525.26,100
526.59,100
527.12,100
527.86,100
529.86,100
540.29,100
540.67,100
541.59,100
543.62,100
543.83,100
549.46,100
549.78,100
553.38,100
554.12,100
555.68,100
556.17,100
556.94,100
557.42,100
558.48,100
559.46,100
562.97,100
563.15,100
565.46,100
565.46,200
565.6,100
595.61,100
611.6,100
611.78,100
612.61,100
613.21,100
614.64,100
615.6,100
616.92,100
619.16,100
619.41,100
621.32,100
621.57,100
624.13,100
626.16,100
628.41,100
628.6,100
630.31,100
633.84,100
636.52,100
636.73,100
637.6,100
639.29,100
641.51,100
643.01,100
645.7,100
646.99,100
648.2,100
649.29,100
649.29,200
649.43,100
704.02,100
707.51,100
707.87,100
710.85,100
714.21,100
715.46,100
718.07,100
719.75,100
722.57,100
723.16,100
725.6,100
727.91,100
730.35,100
731.35,100
732.95,100
735.93,100
737.89,100
740.17,100
741.54,100
743.52,100
745.13,100
748.2,100
748.43,100
748.84,100
752.11,100
756.21,100
756.77,100
758.15,100
759.27,100
759.47,100
759.47,200
796.69,100
825.02,100
827.89,100
828.95,100
830.98,100
832.81,100
845.27,100
848.16,100
848.61,100
851.2,100
854.19,100
860.49,100
860.7,100
862.02,100
863.06,100
864.08,100
865.42,100
868.43,100
869.53,100
873.09,100
874.33,100
876.36,100
878.06,100
878.74,100
879.78,100
880.49,100
881.82,100
884.07,100
888.79,100
890.36,100
892.86,100
895.69,100
896.67,100
896.67,200
897.05,100
956.93,100
976.01,100
976.58,100
977.41,100
978.03,100
981.28,100
981.65,100
981.69,100
983.47,100
984.55,100
985.28,100
986.4,100
989.91,100
991.1,100
991.83,100
992.8,100
993.57,100
994.39,100
998.06,100
998.5,100
1001.18,100
1003.82,100
1009.46,100
1011.86,100
1014.2,100
1016.88,100
1019.39,100
1021.87,100
1024.55,100
1025.42,100
1029.84,100
1033.46,100
1034.0,100
1036.41,100
1036.41,200
1073.71,100
1075.21,100
1078.85,100
1102.48,100
1102.74,100
1105.76,100
1107.04,100
1108.37,100
1110.48,100
1111.74,100
1113.95,100
1117.02,100
1118.13,100
1120.37,100
1122.92,100
1125.86,100
1128.46,100
1131.13,100
1132.88,100
1135.33,100
1137.02,100
1139.54,100
1139.77,100
1141.67,100
1143.96,100
1145.75,100
1147.51,100
1150.77,100
1151.33,100
1154.71,100
1156.61,100
1161.34,100
1162.48,100
1164.08,100
1167.1,100
1167.93,100
1169.13,100
1169.13,200
1258.7,100
1260.97,100
1291.65,100
1293.87,100
1297.69,100
1300.9,100
1302.7,100
1306.47,100
1310.97,100
1316.94,100
1320.03,100
1323.94,100
1325.55,100
1326.78,100
1329.61,100
1330.29,100
1331.03,100
1332.35,100
1333.55,100
1334.2,100
1337.57,100
1339.52,100
1340.52,100
1342.09,100
1343.54,100
1344.24,100
1345.38,100
1348.61,100
1351.5,100
1357.77,100
1360.09,100
1360.64,100
1361.7,100
1363.49,100
1364.52,100
1365.81,100
1366.32,100
1367.31,100
1368.42,100
1368.42,200
1409.32,100
1416.09,100
1417.08,100
1417.36,100
1430.13,100
1430.87,100
1431.4,100
1432.04,100
1435.51,100
1438.19,100
1445.17,100
1445.45,100
1447.21,100
1447.8,100
1453.59,100
1455.39,100
1457.64,100
1460.08,100
1462.09,100
1463.07,100
1463.81,100
1464.99,100
1467.18,100
1468.64,100
1470.99,100
1473.56,100
1473.84,100
1474.45,100
1478.45,100
1478.66,100
1480.3,100
1480.54,100
1481.11,100
1483.44,100
1483.8,100
1486.13,100
1486.67,100
1490.25,100
1490.49,100
1492.56,100
1495.05,100
1495.05,200
1552.75,100
1569.98,100
1570.46,100
1572.37,100
1573.42,100
1575.54,100
1581.31,100
1581.57,100
1585.62,100
1586.76,100
1587.79,100
1590.38,100
1590.82,100
1591.22,100
1592.8,100
1596.95,100
1599.61,100
1600.02,100
1602.92,100
1604.95,100
1606.33,100
1609.2,100
1612.74,100
1619.91,100
1622.13,100
1626.96,100
1627.39,100
1628.94,100
1631.07,100
1632.71,100
1634.81,100
1635.91,100
1638.74,100
1640.19,100
1642.3,100
1644.08,100
1646.35,100
1649.14,100
1654.38,100
1656.03,100
1656.86,100
1657.61,100
1662.09,100
1662.09,200
1677.62,100
1682.82,100
1712.13,100
1760.87,100
1762.38,100
1765.31,100
1767.21,100
1768.64,100
1769.6,100
1773.18,100
1776.17,100
1783.73,100
1785.28,100
1787.99,100
1791.09,100
1793.78,100
1798.04,100
1798.68,100
1799.74,100
1800.97,100
1801.77,100
1802.84,100
1805.01,100
1805.27,100
1805.89,100
1832.96,100
1836.12,100
1842.58,100
1843.46,100
1844.34,100
1847.48,100
1847.86,100
1850.25,100
1850.56,100
1851.98,100
1855.02,100
1856.24,100
1857.05,100
1858.32,100
1860.48,100
1861.07,100
1863.34,100
1863.61,100
1867.14,100
1871.88,100
1871.88,200
1889.76,100
1899.08,100
1900.51,100
1927.84,100
1931.74,100
1932.0,100
1932.29,100
1934.31,100
1935.57,100
1938.46,100
1939.73,100
1940.5,100
1942.6,100
1945.08,100
1945.44,100
1947.16,100
1947.58,100
1947.82,100
1949.16,100
1950.56,100
1951.35,100
1952.9,100
1953.22,100
1954.34,100
1955.59,100
1959.55,100
1959.95,100
1960.46,100
1961.56,100
1963.93,100
1966.62,100
1970.5,100
1972.36,100
1973.52,100
1974.9,100
1977.01,100
1979.23,100
1982.77,100
1985.33,100
1985.96,100
1986.62,100
1987.67,100
1994.47,100
1997.25,100
1999.31,100
2001.65,100
2002.18,100
2002.18,200
2030.96,100
2031.59,100
2032.18,100
2041.99,100
2043.06,100
2045.16,100
2047.2,100
2049.38,100
2052.21,100
2056.46,100
2060.48,100
2060.67,100
2061.59,100
2063.62,100
2066.29,100
2067.07,100
2068.75,100
2071.11,100
2071.83,100
2072.33,100
2075.74,100
2076.09,100
2083.4,100
2086.78,100
2089.28,100
2092.52,100
2093.71,100
2096.36,100
2100.82,100
2102.63,100
2105.17,100
2107.74,100
2110.62,100
2112.19,100
2114.02,100
2114.95,100
2116.6,100
2121.14,100
2121.97,100
2124.88,100
2127.98,100
2132.47,100
2135.58,100
2135.96,100
2136.73,100
2141.11,100
2143.6,100
2151.48,100
2153.36,100
2153.36,200
2254.58,100
2314.18,100
2315.92,100
2318.22,100
2325.0,100
2325.45,100
2326.77,100
2338.28,100
2338.95,100
2341.15,100
2341.71,100
2343.48,100
2344.63,100
2346.0,100
2348.34,100
2352.72,100
2353.97,100
2375.08,100
2375.41,100
2379.29,100
2381.36,100
2384.68,100
2392.95,100
2397.69,100
2397.91,100
2401.14,100
2403.32,100
2405.23,100
2406.05,100
2407.54,100
2411.16,100
2411.96,100
2412.27,100
2414.89,100
2416.83,100
2419.42,100
2421.34,100
2425.87,100
2426.3,100
2426.98,100
2431.98,100
2432.49,100
2434.49,100
2435.11,100
2436.66,100
2440.03,100
2440.92,100
2442.49,100
2442.81,100
2444.8,100
2447.24,100
2447.24,200
2521.37,100
2523.77,100
2524.92,100
2528.37,100
2530.53,100
2533.61,100
2534.16,100
2536.65,100
2537.11,100
2540.25,100
2541.42,100
2542.11,100
2544.73,100
2547.26,100
2550.65,100
2553.59,100
2556.99,100
2558.68,100
2561.85,100
2563.27,100
2565.19,100
2565.83,100
2567.78,100
2568.27,100
2568.39,100
2571.52,100
2571.8,100
2572.35,100
2574.35,100
2577.09,100
2577.43,100
2579.81,100
2581.18,100
2581.43,100
2585.85,100
2587.47,100
2591.63,100
2591.83,100
2593.11,100
2596.29,100
2596.48,100
2597.95,100
2598.42,100
2600.52,100
2602.47,100
2602.8,100
2603.0,100
2606.49,100
2607.78,100
2609.81,100
2610.07,100
2614.03,100
2616.2,100
2616.2,200
2659.48,100
2662.18,100
2741.14,100
2742.88,100
2752.95,100
2754.05,100
2754.64,100
2757.15,100
2757.76,100
2768.78,100
2770.48,100
2771.73,100
2775.67,100
2775.87,100
2776.35,100
2778.82,100
2780.95,100
2781.56,100
2781.96,100
2784.58,100
2785.97,100
2786.76,100
2788.33,100
2789.13,100
2789.44,100
2790.15,100
2791.56,100
2791.73,100
2793.68,100
2794.02,100
2796.73,100
2797.36,100
2797.7,100
2799.74,100
2800.14,100
2800.4,100
2802.77,100
2804.64,100
2805.38,100
2806.03,100
2806.36,100
2808.89,100
2812.43,100
2813.06,100
2816.91,100
2817.14,100
2819.61,100
2822.39,100
2825.2,100
2826.86,100
2827.97,100
2828.21,100
2828.48,100
2829.9,100
2830.89,100
2830.89,200
2911.19,100
2927.9,100
2928.42,100
2935.06,100
2937.61,100
2939.03,100
2941.97,100
2943.81,100
2944.15,100
2946.55,100
2947.29,100
2950.48,100
2951.23,100
2954.03,100
2955.53,100
2955.98,100
2958.05,100
2958.5,100
2960.3,100
2961.58,100
2963.27,100
2963.74,100
2965.39,100
2965.91,100
2968.45,100
2971.92,100
2972.21,100
2974.48,100
2977.01,100
2977.55,100
2979.77,100
2981.46,100
3023.16,100
3027.47,100
3032.05,100
3043.0,100
3043.41,100
3045.66,100
3048.3,100
3049.15,100
3049.75,100
3053.76,100
3055.48,100
3057.51,100
3057.99,100
3060.85,100
3060.97,100
3064.27,100
3069.05,100
3070.92,100
3073.77,100
3074.38,100
3075.24,100
3076.38,100
3076.6,100
3079.19,100
3080.87,100
3080.87,200
3100.64,100
3104.71,100
3153.78,100
3154.75,100
3157.05,100
3157.4,100
3159.33,100
3159.51,100
3159.95,100
3160.13,100
3160.28,100
3162.87,100
3166.31,100
3169.13,100
3170.71,100
3173.61,100
3175.41,100
3177.73,100
3178.74,100
3181.05,100
3183.19,100
3189.42,100
3192.08,100
3192.94,100
3194.34,100
3196.19,100
3197.81,100
3198.98,100
3199.34,100
3201.22,100
3201.69,100
3202.02,100
3203.88,100
3204.46,100
3205.55,100
3206.37,100
3206.87,100
3208.85,100
3209.21,100
3209.39,100
3210.4,100
3210.99,100
3211.34,100
3214.99,100
3215.79,100
3218.28,100
3219.23,100
3221.25,100
3221.79,100
3222.54,100
3222.87,100
3225.31,100
3226.7,100
3228.88,100
3230.81,100
3232.22,100
3233.4,100
3235.72,100
3236.04,100
3236.04,200
3338.74,100
3340.66,100
3345.19,100
3346.93,100
3351.35,100
3353.97,100
3354.39,100
3356.54,100
3358.22,100
3359.83,100
3360.14,100
3362.11,100
3363.09,100
3363.93,100
3365.52,100
3366.03,100
3367.56,100
3370.59,100
3370.94,100
3372.43,100
3373.04,100
3373.34,100
3374.08,100
3375.12,100
3375.55,100
3377.77,100
3380.15,100
3380.35,100
3382.76,100
3383.04,100
3385.11,100
3386.94,100
3387.71,100
3388.65,100
3390.58,100
3391.86,100
3394.03,100
3394.4,100
3396.12,100
3397.64,100
3398.2,100
3398.45,100
3400.04,100
3401.94,100
3403.4,100
3404.59,100
3404.98,100
3406.08,100
3407.29,100
3409.26,100
3409.53,100
3411.33,100
3413.73,100
3416.23,100
3418.21,100
3418.8,100
3420.02,100
3422.14,100
3422.88,100
3427.43,100
3429.06,100
3429.06,200
3496.18,100
3499.26,100
3551.3,100
3554.8,100
3556.1,100
3557.71,100
3560.87,100
3561.45,100
3563.25,100
3563.39,100
3566.97,100
3567.41,100
3569.07,100
3569.72,100
3570.62,100
3572.1,100
3574.34,100
3576.28,100
3576.63,100
3577.15,100
3579.51,100
3579.89,100
3583.43,100
3585.36,100
3588.51,100
3589.63,100
3592.79,100
3595.98,100
3597.14,100
3597.44,100
3598.44,100
3600.09,100
3600.69,100
3602.16,100
3605.04,100
3608.48,100
3612.45,100
3617.32,100
3617.81,100
3618.3,100
3618.85,100
3620.99,100
3622.98,100
3624.24,100
3625.64,100
3625.81,100
3626.55,100
3627.88,100
3628.24,100
3630.65,100
3632.8,100
3633.13,100
3635.82,100
3638.45,100
3640.5,100
3640.91,100
3643.6,100
3645.58,100
3645.95,100
3647.11,100
3648.24,100
3651.1,100
3651.56,100
3651.56,200
3695.75,100
3696.34,100
3696.78,100
3771.49,100
3773.83,100
3802.4,100
3803.74,100
3814.84,100
3815.19,100
3819.59,100
3820.53,100
3822.06,100
3825.38,100
3826.17,100
3827.36,100
3831.39,100
3831.99,100
3835.23,100
3837.57,100
3840.03,100
3844.52,100
3844.77,100
3847.97,100
3851.02,100
3852.92,100
3853.37,100
3856.56,100
3857.07,100
3859.09,100
3860.55,100
3861.02,100
3862.54,100
3862.93,100
3863.25,100
3864.18,100
3865.81,100
3866.14,100
3867.76,100
3868.75,100
3871.18,100
3875.23,100
3877.84,100
3878.54,100
3878.84,100
3882.17,100
3882.41,100
3883.71,100
3885.03,100
3886.16,100
3886.73,100
3888.91,100
3891.24,100
3891.65,100
3894.03,100
3895.37,100
3898.75,100
3902.96,100
3904.25,100
3904.63,100
3908.54,100
3913.19,100
3917.27,100
3917.59,100
3920.15,100
3922.57,100
3922.57,200
4006.57,100
4011.97,100
4012.64,100
4014.82,100
4015.88,100
4018.32,100
4021.38,100
4021.66,100
4023.44,100
4026.96,100
4027.48,100
4030.73,100
4031.27,100
4033.87,100
4034.19,100
4035.31,100
4036.03,100
4037.18,100
4037.54,100
4039.41,100
4039.69,100
4042.4,100
4042.95,100
4044.64,100
4047.85,100
4048.17,100
4050.28,100
4052.67,100
4052.83,100
4053.28,100
4055.21,100
4055.47,100
4061.1,100
4067.49,100
4067.94,100
4068.8,100
4070.53,100
4073.01,100
4073.84,100
4077.71,100
4078.4,100
4079.84,100
4082.4,100
4083.63,100
4084.88,100
4088.58,100
4089.05,100
4090.61,100
4093.27,100
4093.78,100
4094.87,100
4096.27,100
4096.7,100
4098.86,100
4100.46,100
4101.88,100
4102.29,100
4102.98,100
4104.25,100
4104.71,100
4105.51,100
4110.07,100
4112.02,100
4114.05,100
4114.67,100
4115.04,100
4115.74,100
4115.74,200
0.0,0
28.81,100
28.81,200
34.37,100
43.12,100
43.65,100
43.65,200
65.84,100
66.9,100
71.49,100
74.27,100
75.18,100
75.18,200
77.76,100
78.05,100
78.84,100
98.44,100
99.78,100
100.43,100
105.77,100
105.77,200
108.06,100
121.68,100
122.91,100
125.24,100
127.73,100
128.98,100
129.99,100
135.27,100
138.49,100
138.49,200
144.64,100
153.61,100
179.99,100
190.29,100
195.29,100
196.03,100
197.33,100
199.43,100
204.2,100
206.31,100
216.22,100
216.22,200
219.38,100
220.34,100
221.27,100
222.11,100
235.94,100
243.64,100
244.25,100
244.64,100
274.3,100
275.32,100
277.32,100
280.26,100
281.88,100
281.88,200
285.04,100
294.3,100
300.26,100
300.97,100
304.13,100
306.34,100
306.81,100
308.74,100
309.6,100
309.79,100
316.95,100
317.41,100
319.29,100
319.93,100
321.52,100
321.52,200
327.85,100
328.16,100
331.84,100
341.0,100
343.13,100
343.55,100
344.7,100
346.47,100
346.92,100
347.28,100
350.22,100
352.23,100
353.27,100
354.84,100
356.8,100
358.76,100
359.59,100
359.59,200
410.8,100
411.45,100
412.53,100
420.12,100
420.8,100
421.19,100
422.93,100
425.18,100
426.97,100
428.95,100
429.35,100
429.51,100
430.07,100
431.73,100
434.6,100
434.78,100
435.31,100
435.78,100
436.44,100
436.44,200
455.26,100
455.7,100
497.64,100
497.88,100
500.29,100
501.03,100
502.02,100
503.33,100
503.71,100
505.65,100
506.68,100
506.91,100
508.06,100
509.08,100
510.23,100
510.42,100
510.62,100
512.06,100
513.14,100
513.62,100
514.55,100
514.55,200
548.53,100
548.92,100
554.8,100
558.67,100
559.0,100
561.4,100
567.49,100
568.7,100
569.6,100
571.63,100
572.46,100
574.51,100
574.86,100
576.43,100
576.98,100
578.05,100
578.5,100
579.55,100
581.15,100
581.7,100
582.52,100
582.91,100
585.09,100
585.09,200
675.61,100
677.52,100
679.8,100
681.45,100
684.25,100
685.74,100
686.02,100
688.57,100
690.45,100
691.25,100
694.95,100
697.08,100
697.39,100
698.02,100
699.31,100
705.2,100
705.48,100
707.81,100
712.51,100
712.69,100
715.97,100
716.87,100
717.4,100
718.55,100
721.47,100
721.47,200
807.72,100
827.78,100
828.92,100
831.52,100
834.56,100
839.05,100
839.34,100
840.78,100
841.07,100
841.66,100
846.88,100
847.46,100
848.61,100
849.53,100
850.83,100
851.97,100
852.88,100
853.49,100
854.24,100
854.82,100
855.39,100
856.2,100
857.35,100
859.54,100
861.37,100
863.46,100
867.6,100
867.6,200
0.0,0
5.02,100
5.02,200
8.33,100
9.56,100
10.83,100
10.83,200
32.35,100
32.89,100
35.13,100
36.15,100
36.4,100
36.4,200
39.33,100
39.8,100
53.76,100
57.39,100
57.76,100
60.64,100
61.1,100
61.1,200
63.99,100
64.33,100
65.55,100
65.87,100
67.49,100
68.6,100
71.53,100
72.74,100
74.45,100
74.45,200
77.52,100
77.85,100
86.58,100
86.93,100
87.43,100
104.37,100
104.69,100
107.42,100
108.39,100
111.09,100
113.37,100
113.37,200
119.02,100
120.79,100
122.11,100
124.74,100
132.44,100
133.39,100
133.9,100
135.09,100
136.09,100
136.94,100
138.08,100
138.25,100
139.53,100
139.53,200
197.3,100
216.97,100
217.26,100
217.75,100
219.35,100
220.16,100
220.76,100
222.1,100
222.99,100
224.8,100
226.68,100
227.11,100
228.81,100
229.18,100
231.35,100
231.35,200
251.49,100
266.6,100
267.09,100
268.02,100
268.51,100
270.94,100
273.17,100
274.21,100
275.03,100
276.45,100
277.92,100
278.69,100
279.18,100
280.09,100
281.97,100
283.44,100
283.71,100
283.71,200
326.39,100
326.76,100
330.85,100
333.52,100
335.88,100
337.68,100
338.13,100
347.37,100
348.42,100
349.04,100
349.86,100
350.71,100
351.41,100
352.8,100
353.79,100
354.57,100
360.13,100
360.36,100
362.86,100
362.86,200
416.75,100
417.11,100
417.95,100
418.38,100
445.39,100
446.0,100
514.49,100
525.0,100
525.27,100
531.65,100
531.8,100
533.77,100
534.39,100
534.58,100
537.3,100
537.83,100
538.91,100
539.58,100
542.03,100
542.59,100
543.51,100
543.51,200
631.38,100
632.99,100
634.29,100
635.01,100
637.14,100
638.91,100
639.54,100
641.36,100
643.33,100
643.6,100
644.12,100
645.63,100
646.79,100
647.54,100
648.08,100
650.16,100
651.37,100
653.63,100
653.8,100
654.83,100
655.89,100
656.24,100
657.24,100
657.24,200
693.78,100
695.25,100
699.31,100
702.5,100
705.59,100
707.25,100
709.17,100
711.24,100
712.46,100
713.27,100
713.44,100
714.53,100
715.47,100
715.97,100
717.3,100
719.09,100
719.62,100
719.9,100
720.53,100
722.47,100
725.13,100
725.73,100
727.47,100
728.46,100
729.21,100
729.21,200
787.59,100
787.81,100
854.09,100
863.53,100
864.51,100
865.33,100
867.31,100
868.29,100
869.22,100
869.64,100
875.93,100
876.64,100
879.94,100
880.9,100
881.96,100
883.29,100
885.6,100
888.41,100
888.71,100
890.25,100
892.34,100
893.25,100
893.87,100
895.31,100
898.5,100
899.39,100
902.73,100
902.73,200
979.73,100
980.23,100
980.72,100
983.53,100
985.54,100
987.92,100
988.72,100
989.01,100
990.26,100
993.02,100
995.17,100
996.64,100
998.94,100
1003.49,100
1006.85,100
1008.81,100
1010.42,100
1010.93,100
1011.47,100
1013.51,100
1014.83,100
1015.86,100
1017.4,100
1019.14,100
1019.87,100
1020.35,100
1020.71,100
1024.58,100
1025.25,100
1025.25,200
1078.01,100
1079.59,100
1081.28,100
1086.64,100
1087.31,100
1089.39,100
1092.68,100
1093.68,100
1096.97,100
1098.14,100
1101.02,100
1102.72,100
1104.53,100
1104.88,100
1106.87,100
1108.6,100
1110.39,100
1113.04,100
1114.36,100
1115.97,100
1116.8,100
1119.48,100
1119.81,100
1120.82,100
1121.66,100
1122.67,100
1123.4,100
1124.4,100
1125.38,100
1125.97,100
1126.77,100
1126.77,200
1207.18,100
1219.61,100
1222.79,100
1223.4,100
1224.8,100
1227.04,100
1228.2,100
1230.14,100
1231.04,100
1231.32,100
1233.34,100
1234.92,100
1236.15,100
1236.91,100
1237.61,100
1239.61,100
1242.21,100
1245.0,100
1245.64,100
1247.91,100
1248.84,100
1251.66,100
1252.83,100
1254.02,100
1255.0,100
1255.97,100
1258.52,100
1259.22,100
1263.25,100
1265.76,100
1266.73,100
1268.27,100
1270.36,100
1270.36,200
0.0,0
1.83,100
1.83,200
5.56,100
7.28,100
7.75,100
7.75,200
14.33,100
17.0,100
17.89,100
19.46,100
20.05,100
20.05,200
30.08,100
40.71,100
41.66,100
47.81,100
48.73,100
50.44,100
51.71,100
51.71,200
101.25,100
101.83,100
102.4,100
103.43,100
105.7,100
107.85,100
110.5,100
112.29,100
114.14,100
114.14,200
114.35,100
159.47,100
160.61,100
162.32,100
163.35,100
164.24,100
167.52,100
168.81,100
169.42,100
171.65,100
174.1,100
174.1,200
256.64,100
258.0,100
258.56,100
259.24,100
259.73,100
262.19,100
263.12,100
263.58,100
263.92,100
264.5,100
268.03,100
270.26,100
272.42,100
272.42,200
338.62,100
339.12,100
341.9,100
344.09,100
344.29,100
344.64,100
346.09,100
347.62,100
348.48,100
350.68,100
350.83,100
351.51,100
352.28,100
354.37,100
356.03,100
356.03,200
436.88,100
441.08,100
441.48,100
442.11,100
442.54,100
445.22,100
445.56,100
445.67,100
445.74,100
446.49,100
448.06,100
448.58,100
448.96,100
449.05,100
451.07,100
452.62,100
453.12,100
453.12,200
516.55,100
517.67,100
518.75,100
519.29,100
519.46,100
519.91,100
522.3,100
522.96,100
523.25,100
525.56,100
527.45,100
528.16,100
528.98,100
529.36,100
531.51,100
533.66,100
534.74,100
535.46,100
536.11,100
536.11,200
563.98,100
564.41,100
567.83,100
575.16,100
576.72,100
579.47,100
581.57,100
582.44,100
585.22,100
586.03,100
586.63,100
590.48,100
591.09,100
592.51,100
594.49,100
595.0,100
596.31,100
598.77,100
599.39,100
599.66,100
601.6,100
601.6,200
640.13,100
640.48,100
652.99,100
655.41,100
658.06,100
661.31,100
662.17,100
662.75,100
664.21,100
665.32,100
666.1,100
668.02,100
669.58,100
671.66,100
674.81,100
675.58,100
676.74,100
678.63,100
679.0,100
679.92,100
682.58,100
682.9,100
685.66,100
685.66,200
767.24,100
768.59,100
768.87,100
772.95,100
776.24,100
778.18,100
780.65,100
781.05,100
783.51,100
785.7,100
789.16,100
789.5,100
791.27,100
794.39,100
795.01,100
795.74,100
797.68,100
800.68,100
803.74,100
804.59,100
807.3,100
807.71,100
809.11,100
809.81,100
810.11,100
810.11,200
847.73,100
848.3,100
849.03,100
849.62,100
851.46,100
853.59,100
855.7,100
856.11,100
858.44,100
859.75,100
861.36,100
863.27,100
866.02,100
869.66,100
870.23,100
871.56,100
871.8,100
872.74,100
875.26,100
876.03,100
877.55,100
877.83,100
880.66,100
883.33,100
883.96,100
886.04,100
889.02,100
889.02,200
967.34,100
968.08,100
969.23,100
969.38,100
973.65,100
973.94,100
974.86,100
976.23,100
978.66,100
981.68,100
985.32,100
986.1,100
986.68,100
988.62,100
990.5,100
991.2,100
991.68,100
993.19,100
993.95,100
999.08,100
1000.89,100
1003.14,100
1006.21,100
1010.61,100
1014.41,100
1018.96,100
1023.64,100
1023.87,100
1026.63,100
1026.63,200
1052.67,100
1053.04,100
1053.38,100
1114.1,100
1121.7,100
1122.14,100
1123.82,100
1126.88,100
0.0,0
14.88,100
14.88,200
18.56,100
19.85,100
20.93,100
20.93,200
23.45,100
26.08,100
27.8,100
28.68,100
30.91,100
30.91,200
39.16,100
40.3,100
40.7,100
42.02,100
42.37,100
44.96,100
45.48,100
45.48,200
69.95,100
70.27,100
72.87,100
73.75,100
75.48,100
76.66,100
78.96,100
79.97,100
80.38,100
80.38,200
103.45,100
103.73,100
109.09,100
109.75,100
110.59,100
111.35,100
112.14,100
113.15,100
113.91,100
117.13,100
122.01,100
122.01,200
178.93,100
179.48,100
180.26,100
182.12,100
184.48,100
185.69,100
192.67,100
193.73,100
195.96,100
197.3,100
198.05,100
200.19,100
202.87,100
202.87,200
279.49,100
281.89,100
283.75,100
287.65,100
289.24,100
289.52,100
291.63,100
294.15,100
297.92,100
300.38,100
301.32,100
303.33,100
306.65,100
307.84,100
309.45,100
309.45,200
346.29,100
382.75,100
417.38,100
418.27,100
419.45,100
422.67,100
423.42,100
429.16,100
432.55,100
435.84,100
438.11,100
440.41,100
443.22,100
443.72,100
444.59,100
445.73,100
447.76,100
447.76,200
534.23,100
535.27,100
535.57,100
538.59,100
542.98,100
544.38,100
545.67,100
546.9,100
549.52,100
647.25,100
648.13,100
648.95,100
650.62,100
651.43,100
652.73,100
656.0,100
659.28,100
659.61,100
661.9,100
661.9,200
718.53,100
721.41,100
722.63,100
723.36,100
726.94,100
729.32,100
733.87,100
735.45,100
736.46,100
737.73,100
742.17,100
744.56,100
747.63,100
748.05,100
748.22,100
748.84,100
751.02,100
754.93,100
757.93,100
759.31,100
761.02,100
761.02,200
0.0,0
3.72,100
3.72,200
5.92,100
7.52,100
9.39,100
9.39,200
12.4,100
13.84,100
15.83,100
17.07,100
22.11,100
22.11,200
25.0,100
26.81,100
27.44,100
39.56,100
40.89,100
42.27,100
42.56,100
42.56,200
65.7,100
67.74,100
68.45,100
69.68,100
72.14,100
72.38,100
74.12,100
75.55,100
76.17,100
76.17,200
180.19,100
180.58,100
181.71,100
183.02,100
187.03,100
188.06,100
189.84,100
193.07,100
194.15,100
196.99,100
198.06,100
198.06,200
221.87,100
291.72,100
292.6,100
293.09,100
295.13,100
295.81,100
295.98,100
298.89,100
303.88,100
306.05,100
306.55,100
306.71,100
308.78,100
308.78,200
347.04,100
372.17,100
372.57,100
376.78,100
410.82,100
411.1,100
411.87,100
412.92,100
414.0,100
414.35,100
414.9,100
416.3,100
416.97,100
418.66,100
419.21,100
419.21,200
468.47,100
473.89,100
474.36,100
477.39,100
478.78,100
483.81,100
484.3,100
486.97,100
490.84,100
492.92,100
493.97,100
495.63,100
496.13,100
497.84,100
501.03,100
501.59,100
502.15,100
502.15,200
606.73,100
608.33,100
610.54,100
611.69,100
613.5,100
614.92,100
616.38,100
617.44,100
619.56,100
621.86,100
622.57,100
625.41,100
626.06,100
626.53,100
627.11,100
628.91,100
629.2,100
631.26,100
632.31,100
632.31,200
697.05,100
698.29,100
701.2,100
701.73,100
705.09,100
707.84,100
710.9,100
711.41,100
712.87,100
714.53,100
715.8,100
716.87,100
720.19,100
720.78,100
723.14,100
723.46,100
725.75,100
726.07,100
727.56,100
727.86,100
728.65,100
728.65,200
776.04,100
779.77,100
780.03,100
780.42,100
784.71,100
785.01,100
786.41,100
787.6,100
787.73,100
790.18,100
790.49,100
790.95,100
793.94,100
794.41,100
795.89,100
797.35,100
799.03,100
799.34,100
799.62,100
802.02,100
802.34,100
804.31,100
804.77,100
804.77,200
850.72,100
887.12,100
888.01,100
889.7,100
889.94,100
896.37,100
899.1,100
899.35,100
900.92,100
904.78,100
904.99,100
905.91,100
906.01,100
908.73,100
909.62,100
911.77,100
912.96,100
915.27,100
915.55,100
918.71,100
919.18,100
919.32,100
919.57,100
922.11,100
922.5,100
922.5,200
941.33,100
944.2,100
946.91,100
947.78,100
950.44,100
950.82,100
951.79,100
952.01,100
955.02,100
955.32,100
960.23,100
960.45,100
962.31,100
964.1,100
965.76,100
966.37,100
969.26,100
969.59,100
971.8,100
973.06,100
974.02,100
974.33,100
975.73,100
976.55,100
976.75,100
978.93,100
979.15,100
979.15,200
1033.04,100
1037.93,100
1038.75,100
1041.11,100
1055.09,100
1055.93,100
1066.0,100
1069.75,100
1073.61,100
1076.78,100
1081.24,100
1084.07,100
1085.18,100
1086.76,100
1087.68,100
1087.96,100
1089.48,100
1089.66,100
1091.78,100
1092.31,100
1093.06,100
1093.26,100
1095.08,100
1096.88,100
1098.76,100
1104.85,100
1170.6,100
1171.93,100
1183.55,100
1183.55,200
1239.27,100
1252.04,100
0.0,0
5.39,100
5.39,200
7.89,100
10.62,100
15.98,100
15.98,200
19.71,100
22.36,100
23.43,100
25.98,100
29.11,100
29.11,200
48.49,100
49.46,100
49.96,100
50.73,100
51.09,100
52.75,100
54.63,100
54.63,200
64.98,100
77.28,100
80.22,100
81.37,100
82.07,100
85.1,100
85.72,100
87.12,100
87.31,100
87.31,200
144.02,100
146.34,100
148.25,100
148.99,100
149.87,100
152.49,100
153.07,100
153.77,100
154.5,100
156.4,100
157.11,100
157.11,200
221.93,100
237.29,100
240.79,100
241.05,100
241.9,100
242.42,100
243.05,100
245.1,100
246.92,100
248.38,100
250.33,100
252.23,100
254.9,100
254.9,200
316.09,100
316.53,100
317.37,100
317.82,100
318.38,100
322.83,100
325.78,100
326.13,100
327.13,100
330.43,100
332.51,100
334.98,100
336.92,100
337.18,100
340.7,100
340.7,200
371.74,100
387.83,100
390.21,100
429.1,100
429.73,100
431.87,100
433.02,100
435.1,100
436.02,100
437.1,100
438.91,100
439.62,100
439.97,100
440.23,100
442.33,100
442.98,100
443.33,100
443.33,200
486.4,100
487.88,100
488.19,100
490.67,100
491.09,100
492.05,100
493.7,100
494.44,100
496.26,100
496.67,100
498.18,100
498.96,100
499.4,100
500.35,100
502.52,100
504.6,100
505.65,100
507.26,100
507.57,100
507.57,200
599.38,100
623.05,100
623.42,100
625.41,100
626.29,100
626.47,100
628.43,100
629.15,100
632.38,100
633.85,100
636.56,100
637.01,100
637.72,100
639.5,100
641.08,100
641.33,100
643.13,100
645.02,100
645.76,100
646.01,100
647.84,100
647.84,200
685.13,100
690.8,100
691.29,100
691.83,100
693.93,100
694.39,100
695.98,100
699.46,100
704.04,100
705.12,100
706.16,100
709.63,100
710.09,100
712.81,100
713.31,100
713.7,100
714.14,100
715.37,100
717.18,100
717.58,100
719.06,100
719.25,100
720.09,100
720.09,200
807.21,100
807.44,100
808.49,100
811.22,100
814.6,100
814.81,100
816.31,100
818.97,100
819.95,100
820.65,100
821.45,100
822.42,100
823.29,100
823.78,100
826.16,100
827.64,100
828.06,100
829.41,100
830.21,100
831.01,100
832.63,100
837.06,100
837.36,100
838.01,100
840.01,100
840.01,200
0.0,0
0.11,100
0.11,200
2.55,100
3.6,100
4.75,100
4.75,200
9.72,100
10.16,100
12.87,100
13.39,100
13.68,100
13.68,200
18.19,100
30.5,100
31.3,100
31.92,100
33.68,100
34.21,100
34.9,100
34.9,200
47.11,100
48.1,100
49.71,100
52.09,100
52.59,100
52.84,100
54.21,100
56.16,100
57.29,100
57.29,200
80.95,100
99.43,100
100.6,100
102.9,100
104.17,100
105.71,100
106.1,100
106.39,100
106.66,100
106.97,100
108.04,100
108.04,200
186.99,100
201.12,100
201.95,100
203.15,100
203.36,100
205.69,100
205.98,100
206.12,100
207.68,100
208.04,100
208.5,100
209.14,100
211.09,100
211.09,200
283.28,100
283.44,100
283.73,100
285.58,100
286.01,100
286.43,100
286.65,100
287.39,100
289.28,100
289.6,100
291.44,100
292.67,100
292.86,100
294.71,100
296.41,100
296.41,200
351.6,100
352.65,100
353.98,100
355.15,100
356.32,100
357.29,100
359.35,100
359.6,100
360.26,100
361.45,100
361.72,100
362.56,100
363.25,100
363.96,100
366.32,100
367.17,100
369.81,100
369.81,200
416.15,100
419.86,100
421.91,100
426.03,100
426.78,100
427.47,100
427.85,100
429.69,100
431.52,100
433.27,100
434.95,100
435.41,100
438.2,100
439.76,100
442.53,100
442.97,100
444.48,100
446.87,100
447.31,100
447.31,200
504.02,100
538.86,100
542.67,100
545.02,100
545.28,100
547.94,100
548.21,100
549.42,100
550.1,100
550.96,100
552.9,100
553.13,100
553.72,100
555.7,100
557.67,100
557.88,100
558.28,100
558.71,100
560.09,100
560.39,100
562.79,100
562.79,200
601.43,100
639.22,100
639.55,100
641.89,100
642.91,100
644.88,100
645.91,100
647.84,100
648.16,100
649.19,100
650.32,100
653.06,100
653.57,100
654.36,100
655.21,100
656.82,100
657.01,100
657.42,100
659.67,100
660.12,100
660.88,100
663.68,100
664.52,100
664.52,200
720.84,100
723.45,100
725.74,100
726.76,100
727.33,100
729.38,100
730.47,100
733.69,100
734.15,100
734.22,100
734.7,100
735.62,100
735.79,100
737.55,100
738.13,100
738.64,100
739.89,100
741.75,100
742.39,100
742.81,100
743.18,100
744.07,100
744.21,100
745.37,100
747.41,100
747.41,200
847.46,100
851.21,100
852.73,100
853.59,100
854.71,100
856.17,100
858.02,100
858.28,100
862.79,100
864.1,100
868.06,100
868.4,100
870.5,100
870.9,100
871.63,100
873.57,100
873.88,100
874.21,100
875.74,100
878.19,100
878.5,100
879.4,100
879.62,100
882.09,100
885.62,100
886.13,100
887.72,100
887.72,200
939.17,100
939.47,100
941.19,100
941.98,100
943.71,100
944.0,100
944.52,100
948.46,100
949.31,100
951.24,100
951.54,100
953.51,100
954.13,100
954.4,100
956.96,100
957.22,100
959.11,100
959.46,100
961.42,100
963.3,100
963.72,100
964.46,100
965.22,100
967.82,100
969.12,100
969.58,100
971.46,100
971.66,100
972.1,100
972.1,200
1045.83,100
1046.19,100
1048.65,100
1048.82,100
1050.82,100
1051.5,100
1053.62,100
1055.13,100
1057.01,100
1059.58,100
1071.15,100
0.0,0
1.29,100
1.29,200
3.35,100
8.01,100
8.29,100
8.29,200
16.25,100
16.56,100
18.16,100
18.46,100
20.69,100
20.69,200
34.61,100
35.53,100
35.95,100
36.26,100
38.83,100
39.14,100
40.57,100
40.57,200
48.11,100
49.05,100
49.24,100
49.75,100
51.12,100
53.4,100
53.54,100
53.94,100
55.29,100
55.29,200
128.33,100
130.92,100
132.52,100
133.2,100
133.91,100
134.96,100
135.39,100
136.26,100
136.54,100
136.82,100
137.02,100
137.02,200
199.49,100
200.64,100
200.85,100
202.83,100
203.18,100
204.41,100
204.97,100
205.33,100
206.09,100
208.28,100
210.32,100
210.86,100
211.43,100
211.43,200
232.76,100
233.99,100
235.03,100
235.19,100
236.41,100
237.34,100
239.31,100
239.57,100
241.14,100
242.91,100
244.03,100
245.18,100
246.62,100
247.2,100
247.48,100
247.48,200
270.01,100
271.52,100
289.43,100
289.95,100
290.11,100
291.32,100
291.62,100
293.45,100
294.44,100
295.14,100
295.4,100
295.6,100
297.31,100
297.58,100
297.88,100
299.99,100
302.23,100
302.23,200
321.21,100
322.56,100
324.24,100
324.78,100
326.68,100
328.53,100
330.83,100
331.57,100
332.02,100
332.55,100
334.46,100
334.99,100
335.64,100
336.12,100
336.35,100
337.94,100
338.21,100
338.53,100
342.11,100
342.11,200
342.27,100
375.41,100
377.44,100
377.72,100
378.79,100
379.42,100
380.56,100
381.02,100
382.91,100
383.21,100
385.91,100
386.23,100
387.94,100
388.51,100
389.62,100
391.59,100
392.35,100
393.89,100
394.11,100
394.5,100
396.08,100
396.08,200
471.39,100
472.45,100
472.77,100
477.07,100
478.44,100
478.63,100
480.67,100
481.02,100
482.98,100
483.14,100
483.44,100
483.88,100
484.19,100
484.93,100
485.92,100
486.48,100
489.91,100
490.26,100
490.6,100
491.99,100
493.82,100
494.12,100
494.28,100
494.28,200
582.68,100
582.84,100
584.77,100
585.19,100
585.49,100
585.75,100
587.79,100
588.76,100
589.79,100
589.99,100
590.43,100
591.07,100
593.06,100
593.42,100
594.47,100
594.76,100
596.3,100
598.09,100
598.31,100
598.76,100
599.92,100
603.09,100
603.28,100
603.94,100
605.86,100
605.86,200
646.67,100
648.0,100
648.52,100
648.81,100
650.49,100
651.69,100
653.91,100
654.79,100
655.36,100
657.18,100
657.56,100
657.82,100
658.06,100
658.3,100
658.54,100
659.22,100
662.31,100
663.1,100
663.86,100
664.51,100
664.74,100
665.15,100
666.41,100
666.81,100
667.27,100
667.64,100
669.64,100
669.64,200
742.88,100
743.7,100
747.48,100
753.26,100
754.58,100
756.26,100
756.54,100
823.93,100
825.19,100
827.2,100
827.47,100
828.86,100
829.23,100
829.52,100
830.36,100
831.63,100
834.01,100
834.47,100
836.45,100
837.67,100
838.35,100
840.74,100
842.7,100
843.06,100
843.78,100
844.91,100
847.07,100
847.54,100
847.91,100
847.91,200
916.44,100
917.1,100
920.23,100
921.47,100
931.97,100
936.3,100
943.51,100
944.2,100
944.55,100
945.06,100
948.65,100
949.06,100
949.46,100
951.93,100
953.45,100
955.92,100
956.22,100
959.77,100
961.27,100
961.58,100
962.2,100
962.42,100
964.14,100
966.0,100
968.69,100
969.76,100
973.92,100
974.79,100
976.14,100
977.64,100
982.45,100
982.45,200
1075.56,100
1075.81,100
1076.61,100
1082.05,100
1092.18,100
1094.5,100
1095.18,100
1095.68,100
1096.69,100
1097.45,100
1098.71,100
1099.69,100
1102.29,100
1105.32,100
1105.7,100
1107.07,100
1108.2,100
1108.48,100
1110.04,100
1110.31,100
1112.77,100
1113.06,100
1113.45,100
1115.53,100
1117.96,100
1118.15,100
1118.43,100
1119.02,100
1120.45,100
1122.11,100
1125.09,100
1125.43,100
1125.88,100
1125.88,200
0.0,0
1.69,100
1.69,200
7.13,100
7.32,100
7.88,100
7.88,200
11.13,100
11.5,100
12.24,100
13.77,100
14.1,100
14.1,200
18.84,100
19.37,100
20.2,100
20.3,100
20.92,100
22.02,100
22.24,100
22.24,200
25.59,100
25.87,100
27.36,100
28.63,100
28.8,100
30.38,100
33.2,100
33.43,100
34.0,100
34.0,200
52.97,100
53.3,100
53.6,100
55.04,100
56.82,100
57.11,100
57.49,100
57.88,100
59.0,100
59.16,100
59.56,100
59.56,200
92.97,100
93.33,100
93.65,100
94.06,100
94.78,100
95.11,100
95.46,100
95.91,100
97.44,100
98.05,100
99.18,100
102.06,100
103.37,100
103.37,200
126.66,100
126.86,100
142.78,100
144.4,100
145.41,100
146.26,100
147.0,100
147.62,100
150.92,100
151.11,100
151.48,100
152.97,100
153.22,100
156.27,100
156.59,100
156.59,200
225.48,100
226.53,100
226.74,100
226.93,100
228.48,100
228.75,100
229.03,100
230.32,100
230.67,100
231.55,100
231.76,100
233.99,100
234.68,100
235.61,100
235.87,100
236.64,100
239.06,100
239.06,200
288.96,100
291.89,100
292.88,100
293.22,100
294.63,100
294.79,100
296.93,100
298.42,100
299.23,100
299.53,100
301.34,100
301.58,100
305.86,100
306.14,100
306.48,100
307.06,100
308.84,100
309.11,100
310.04,100
310.04,200
310.34,100
347.65,100
348.08,100
348.52,100
348.96,100
350.64,100
350.96,100
351.34,100
351.58,100
354.63,100
356.01,100
356.29,100
379.29,100
380.73,100
382.13,100
384.68,100
386.9,100
387.18,100
387.4,100
389.22,100
389.49,100
389.49,200
413.83,100
415.17,100
415.43,100
415.67,100
418.38,100
418.65,100
419.71,100
422.09,100
422.79,100
424.8,100
425.83,100
426.33,100
427.46,100
429.47,100
430.55,100
432.31,100
432.64,100
433.09,100
433.3,100
434.51,100
435.74,100
436.56,100
436.94,100
436.94,200
456.85,100
463.65,100
464.73,100
465.13,100
466.75,100
469.11,100
469.33,100
470.09,100
470.78,100
473.0,100
475.78,100
480.19,100
481.24,100
481.45,100
483.25,100
485.12,100
485.99,100
487.32,100
487.64,100
490.04,100
490.24,100
490.59,100
494.19,100
494.56,100
494.85,100
494.85,200
582.52,100
583.53,100
585.79,100
586.1,100
586.34,100
587.64,100
588.69,100
590.67,100
590.86,100
592.04,100
592.8,100
593.15,100
595.72,100
596.24,100
599.05,100
600.06,100
600.55,100
602.22,100
602.69,100
603.19,100
603.49,100
605.85,100
606.09,100
607.17,100
607.76,100
609.55,100
610.09,100
610.09,200
656.21,100
656.45,100
657.68,100
659.89,100
661.05,100
663.79,100
664.89,100
667.24,100
667.45,100
667.84,100
669.32,100
672.74,100
675.86,100
676.19,100
677.08,100
677.99,100
681.58,100
681.85,100
685.29,100
686.34,100
686.66,100
689.02,100
689.96,100
691.07,100
692.8,100
694.78,100
695.94,100
696.5,100
697.05,100
697.05,200
790.03,100
792.93,100
793.81,100
794.14,100
795.14,100
796.28,100
797.57,100
801.1,100
801.85,100
803.03,100
803.41,100
804.81,100
805.05,100
805.4,100
806.06,100
808.26,100
810.31,100
810.45,100
810.96,100
811.4,100
812.37,100
814.25,100
814.69,100
815.97,100
816.17,100
818.19,100
818.33,100
818.73,100
819.57,100
820.41,100
821.36,100
821.36,200
843.65,100
844.04,100
876.29,100
877.66,100
878.74,100
883.32,100
987.23,100
991.07,100
991.77,100
994.18,100
994.55,100
995.94,100
996.41,100
996.8,100
998.42,100
998.6,100
999.7,100
1000.49,100
1000.9,100
1002.84,100
1003.48,100
1005.03,100
1005.86,100
1006.25,100
1006.79,100
1009.83,100
1010.11,100
1010.5,100
1010.9,100
1011.36,100
1012.19,100
1014.41,100
1014.98,100
1014.98,200
1100.93,100
1103.81,100
1106.99,100
1107.92,100
1110.68,100
1112.26,100
1116.39,100
1117.67,100
1121.58,100
1122.71,100
1122.98,100
1124.25,100
1126.49,100
1126.77,100
1127.95,100
1133.98,100
1134.62,100
1139.92,100
1140.83,100
1141.13,100
1141.64,100
1142.01,100
1142.84,100
1144.57,100
1146.87,100
1147.57,100
1147.74,100
1149.32,100
1149.81,100
1152.36,100
1153.24,100
1154.28,100
1154.82,100
1156.71,100
1157.31,100
1157.31,200
0.0,0
0.03,100
0.03,200
1.59,100
3.87,100
5.56,100
5.56,200
8.85,100
12.81,100
13.41,100
14.89,100
15.34,100
15.34,200
21.77,100
22.52,100
23.68,100
24.53,100
25.15,100
25.54,100
26.76,100
26.76,200
34.18,100
35.92,100
36.8,100
37.13,100
38.0,100
40.91,100
41.88,100
42.25,100
42.8,100
42.8,200
81.28,100
82.11,100
82.93,100
84.31,100
84.65,100
86.32,100
86.87,100
87.3,100
90.59,100
91.34,100
93.66,100
93.66,200
152.29,100
152.46,100
154.88,100
159.31,100
160.86,100
161.56,100
163.2,100
163.44,100
164.85,100
165.74,100
166.61,100
168.57,100
168.78,100
168.78,200
188.05,100
189.03,100
191.14,100
191.99,100
193.67,100
194.09,100
194.42,100
195.28,100
197.02,100
198.26,100
199.83,100
200.76,100
201.25,100
201.53,100
202.98,100
202.98,200
0.0,0
2.22,100
2.22,200
4.04,100
4.54,100
5.29,100
5.29,200
7.24,100
7.49,100
8.1,100
8.27,100
8.9,100
8.9,200
12.18,100
12.51,100
13.58,100
14.14,100
14.78,100
16.21,100
16.46,100
16.46,200
19.78,100
20.21,100
20.78,100
21.54,100
22.29,100
22.66,100
23.02,100
23.59,100
25.12,100
25.12,200
39.11,100
39.82,100
41.38,100
43.64,100
43.76,100
45.07,100
45.27,100
45.84,100
46.93,100
47.97,100
49.2,100
49.2,200
60.22,100
60.72,100
74.78,100
76.42,100
79.58,100
80.36,100
80.69,100
81.83,100
82.81,100
83.45,100
83.84,100
84.13,100
85.89,100
85.89,200
133.64,100
133.92,100
135.65,100
136.36,100
136.89,100
137.8,100
138.69,100
139.01,100
141.38,100
141.92,100
142.29,100
143.13,100
143.69,100
144.27,100
145.35,100
145.35,200
164.24,100
164.61,100
166.29,100
167.07,100
168.09,100
168.59,100
169.87,100
170.55,100
172.34,100
172.72,100
173.59,100
175.23,100
175.55,100
176.13,100
179.11,100
179.52,100
182.67,100
182.67,200
279.78,100
280.2,100
286.53,100
287.58,100
288.64,100
289.38,100
289.61,100
289.87,100
291.82,100
293.18,100
293.7,100
293.87,100
294.37,100
295.19,100
296.47,100
297.6,100
297.84,100
298.34,100
299.09,100
299.09,200
329.89,100
330.5,100
330.83,100
331.54,100
334.26,100
334.77,100
335.11,100
337.48,100
340.42,100
340.71,100
340.94,100
341.98,100
343.46,100
343.63,100
344.31,100
344.65,100
344.87,100
345.1,100
346.7,100
347.69,100
349.98,100
349.98,200
391.25,100
449.71,100
455.88,100
456.22,100
458.08,100
459.35,100
459.53,100
460.89,100
461.31,100
461.51,100
462.12,100
462.65,100
462.98,100
464.84,100
465.53,100
466.21,100
466.53,100
466.9,100
470.47,100
471.48,100
476.16,100
476.71,100
477.17,100
477.17,200
564.48,100
565.11,100
565.42,100
565.68,100
566.83,100
568.11,100
568.4,100
568.82,100
569.27,100
571.97,100
572.83,100
573.85,100
575.33,100
577.55,100
578.92,100
580.78,100
583.24,100
583.73,100
584.25,100
586.34,100
587.19,100
589.44,100
591.66,100
593.78,100
594.78,100
594.78,200
702.22,100
705.73,100
705.96,100
709.83,100
721.19,100
726.65,100
727.55,100
729.27,100
730.95,100
731.61,100
733.34,100
735.45,100
735.93,100
736.47,100
737.34,100
739.76,100
739.92,100
740.55,100
742.93,100
743.37,100
743.97,100
744.89,100
748.52,100
750.21,100
751.23,100
753.55,100
754.48,100
754.48,200
854.44,100
857.13,100
857.96,100
860.34,100
861.19,100
863.61,100
864.93,100
865.69,100
865.93,100
868.21,100
868.85,100
869.33,100
869.9,100
871.32,100
872.36,100
875.49,100
876.26,100
877.68,100
880.79,100
882.32,100
883.08,100
886.06,100
887.62,100
888.35,100
888.95,100
894.27,100
897.07,100
897.31,100
898.36,100
898.36,200
973.3,100
977.62,100
979.46,100
981.77,100
984.46,100
987.04,100
991.37,100
993.96,100
995.27,100
996.1,100
996.91,100
997.57,100
999.77,100
999.94,100
1000.29,100
1000.79,100
1005.1,100
1008.24,100
1013.53,100
1014.21,100
1015.47,100
1019.32,100
1019.66,100
1020.75,100
1022.73,100
1023.49,100
1026.02,100
1026.37,100
1027.17,100
1027.91,100
1030.75,100
1030.75,200
0.0,0
2.43,100
2.43,200
4.79,100
5.55,100
6.07,100
6.07,200
6.24,100
33.52,100
33.84,100
34.79,100
35.97,100
35.97,200
49.59,100
50.99,100
53.97,100
54.42,100
55.09,100
56.07,100
56.82,100
56.82,200
76.95,100
79.01,100
80.17,100
80.55,100
81.55,100
83.31,100
83.69,100
84.07,100
85.54,100
85.54,200
131.97,100
133.87,100
135.24,100
135.62,100
136.75,100
137.27,100
138.25,100
138.81,100
146.51,100
147.59,100
148.3,100
148.3,200
191.1,100
191.99,100
192.27,100
192.6,100
194.58,100
194.95,100
195.77,100
196.62,100
196.93,100
197.29,100
198.3,100
198.61,100
200.06,100
200.06,200
224.06,100
224.67,100
230.1,100
285.51,100
286.74,100
289.39,100
289.77,100
290.32,100
291.74,100
294.15,100
294.41,100
294.52,100
298.49,100
298.82,100
301.09,100
301.09,200
395.65,100
401.29,100
403.82,100
404.54,100
405.68,100
407.76,100
409.73,100
410.91,100
412.87,100
413.32,100
416.0,100
418.08,100
418.56,100
418.92,100
420.43,100
421.35,100
422.43,100
422.43,200
451.94,100
453.04,100
453.71,100
454.15,100
455.58,100
456.22,100
456.71,100
458.48,100
459.93,100
460.93,100
462.06,100
462.35,100
462.45,100
463.49,100
463.69,100
464.42,100
464.6,100
541.58,100
542.53,100
542.53,200
559.13,100
561.26,100
561.62,100
566.44,100
567.08,100
568.31,100
568.51,100
568.69,100
569.23,100
570.86,100
572.25,100
572.67,100
572.8,100
573.46,100
575.95,100
576.28,100
576.51,100
579.85,100
580.43,100
583.23,100
583.47,100
583.47,200
610.62,100
610.82,100
614.21,100
614.61,100
618.84,100
619.73,100
621.67,100
621.81,100
622.73,100
624.88,100
625.16,100
627.22,100
627.52,100
628.41,100
629.9,100
630.79,100
631.59,100
631.84,100
635.11,100
635.99,100
636.31,100
638.04,100
639.58,100
639.58,200
658.48,100
659.72,100
660.52,100
662.47,100
663.04,100
664.78,100
664.99,100
665.58,100
666.16,100
667.85,100
669.35,100
669.69,100
671.65,100
672.07,100
672.36,100
673.09,100
674.01,100
674.99,100
675.33,100
675.68,100
677.02,100
677.44,100
677.85,100
678.45,100
679.08,100
679.08,200
0.0,0
2.61,100
2.61,200
5.12,100
8.32,100
8.82,100
8.82,200
13.0,100
14.59,100
15.5,100
17.12,100
17.55,100
17.55,200
25.22,100
25.71,100
26.3,100
27.15,100
28.59,100
30.77,100
32.87,100
32.87,200
83.01,100
83.43,100
85.61,100
85.9,100
86.27,100
86.58,100
86.87,100
88.75,100
89.23,100
89.23,200
155.2,100
157.74,100
159.34,100
159.62,100
159.68,100
160.33,100
162.49,100
162.7,100
163.02,100
163.75,100
164.95,100
164.95,200
182.73,100
186.91,100
187.5,100
188.63,100
188.91,100
190.95,100
191.16,100
191.72,100
192.27,100
193.02,100
195.3,100
195.48,100
196.27,100
196.27,200
289.03,100
289.43,100
289.96,100
290.56,100
292.42,100
292.85,100
293.86,100
293.99,100
294.57,100
295.59,100
296.18,100
297.86,100
298.49,100
298.71,100
300.27,100
300.27,200
323.91,100
325.24,100
327.04,100
328.33,100
330.28,100
332.16,100
335.05,100
335.38,100
336.37,100
337.46,100
338.75,100
341.24,100
341.54,100
344.04,100
345.21,100
345.56,100
348.93,100
348.93,200
366.6,100
369.72,100
370.79,100
371.98,100
375.53,100
376.59,100
379.18,100
381.28,100
381.63,100
382.48,100
383.33,100
384.72,100
385.07,100
386.13,100
389.48,100
389.97,100
390.23,100
393.7,100
394.06,100
394.06,200
420.91,100
439.19,100
439.44,100
441.62,100
444.79,100
449.18,100
455.93,100
460.52,100
460.71,100
464.29,100
464.69,100
465.19,100
469.87,100
471.0,100
472.17,100
473.11,100
475.5,100
475.84,100
476.73,100
479.31,100
482.15,100
482.15,200
504.76,100
559.32,100
560.42,100
560.94,100
563.16,100
563.74,100
563.93,100
564.06,100
564.63,100
565.4,100
566.19,100
566.41,100
569.2,100
570.46,100
570.99,100
573.01,100
573.25,100
574.07,100
574.8,100
577.46,100
577.7,100
581.9,100
582.16,100
582.16,200
599.66,100
604.88,100
606.26,100
613.36,100
620.08,100
622.76,100
623.44,100
624.33,100
624.81,100
626.9,100
627.12,100
627.35,100
628.31,100
629.2,100
629.4,100
630.61,100
632.51,100
635.51,100
636.66,100
637.48,100
639.17,100
644.08,100
646.08,100
646.56,100
651.89,100
651.89,200
671.29,100
672.11,100
679.01,100
688.94,100
0.0,0
6.18,100
6.18,200
8.24,100
8.75,100
10.4,100
10.4,200
14.17,100
14.52,100
15.15,100
16.21,100
16.47,100
16.47,200
21.47,100
23.06,100
23.8,100
24.05,100
24.43,100
26.26,100
26.5,100
26.5,200
56.08,100
56.2,100
56.82,100
58.15,100
58.4,100
58.79,100
59.04,100
59.38,100
60.82,100
60.82,200
100.68,100
103.87,100
105.22,100
105.82,100
108.28,100
109.31,100
109.88,100
110.49,100
111.03,100
111.71,100
114.18,100
114.18,200
127.61,100
131.86,100
132.76,100
135.54,100
137.96,100
140.13,100
142.74,100
143.38,100
144.6,100
146.96,100
147.28,100
147.57,100
148.3,100
148.3,200
207.06,100
210.47,100
211.94,100
212.51,100
214.26,100
214.7,100
214.81,100
215.0,100
216.35,100
217.54,100
219.11,100
219.25,100
219.67,100
220.34,100
223.25,100
223.25,200
265.09,100
265.63,100
266.94,100
267.42,100
268.23,100
270.61,100
271.29,100
271.57,100
272.19,100
274.25,100
274.64,100
275.41,100
276.39,100
277.19,100
277.53,100
279.77,100
280.06,100
280.06,200
301.44,100
306.78,100
308.81,100
309.66,100
312.61,100
314.02,100
314.88,100
317.95,100
318.21,100
318.69,100
318.95,100
319.53,100
321.0,100
323.09,100
323.45,100
324.28,100
324.52,100
325.35,100
326.78,100
326.78,200
436.25,100
439.15,100
439.64,100
440.22,100
440.45,100
441.18,100
441.93,100
444.52,100
444.92,100
445.32,100
446.51,100
447.34,100
451.28,100
452.89,100
453.69,100
454.14,100
454.46,100
456.52,100
459.77,100
460.6,100
465.81,100
465.81,200
511.91,100
513.34,100
513.79,100
514.52,100
517.63,100
517.82,100
517.87,100
518.57,100
521.29,100
522.16,100
522.72,100
524.03,100
524.91,100
526.84,100
527.22,100
530.21,100
530.98,100
532.7,100
533.0,100
533.3,100
534.91,100
537.28,100
537.5,100
537.5,200
606.85,100
607.15,100
607.6,100
609.46,100
610.67,100
612.78,100
613.03,100
616.2,100
616.6,100
617.43,100
617.9,100
618.58,100
619.48,100
619.66,100
620.03,100
620.26,100
622.26,100
623.07,100
625.62,100
627.15,100
627.97,100
630.3,100
633.1,100
633.47,100
634.48,100
634.48,200
662.27,100
667.1,100
668.71,100
669.03,100
673.82,100
675.88,100
678.53,100
679.3,100
682.86,100
683.22,100
683.91,100
685.38,100
687.83,100
688.16,100
691.82,100
692.0,100
694.04,100
694.51,100
694.74,100
695.8,100
697.77,100
700.78,100
701.11,100
703.59,100
704.3,100
706.64,100
708.69,100
708.69,200
787.51,100
789.75,100
790.18,100
790.74,100
791.09,100
793.47,100
793.67,100
794.36,100
797.07,100
799.28,100
800.15,100
800.76,100
802.81,100
803.91,100
804.91,100
807.08,100
807.27,100
808.71,100
809.61,100
809.77,100
811.66,100
811.83,100
812.18,100
813.15,100
815.99,100
816.31,100
817.08,100
819.36,100
820.33,100
820.33,200
885.45,100
885.79,100
886.02,100
886.44,100
886.79,100
892.12,100
892.39,100
895.2,100
896.09,100
896.33,100
896.72,100
898.4,100
898.59,100
902.41,100
903.21,100
903.48,100
905.12,100
909.47,100
910.4,100
911.67,100
911.83,100
912.36,100
912.69,100
916.39,100
917.31,100
921.7,100
924.43,100
925.96,100
926.28,100
930.76,100
931.64,100
931.64,200
999.32,100
1001.87,100
1050.23,100
1050.61,100
1051.58,100
1055.7,100
1056.31,100
1056.6,100
1057.15,100
1057.61,100
1136.29,100
0.0,0
1.24,100
1.24,200
3.85,100
5.05,100
5.59,100
5.59,200
7.75,100
8.14,100
8.28,100
9.8,100
10.78,100
10.78,200
15.45,100
15.68,100
16.08,100
16.45,100
17.57,100
17.89,100
19.98,100
19.98,200
32.95,100
33.81,100
34.76,100
35.08,100
36.74,100
38.38,100
39.22,100
39.51,100
42.42,100
42.42,200
70.27,100
71.94,100
72.49,100
72.89,100
73.48,100
74.13,100
74.26,100
74.72,100
74.99,100
76.05,100
76.22,100
76.22,200
105.18,100
105.6,100
106.88,100
108.02,100
108.77,100
109.36,100
110.02,100
110.35,100
110.69,100
112.27,100
112.43,100
112.72,100
113.07,100
113.07,200
151.02,100
152.15,100
154.5,100
154.7,100
154.87,100
157.31,100
157.89,100
159.17,100
159.87,100
160.05,100
160.69,100
162.47,100
163.2,100
163.53,100
164.4,100
164.4,200
193.95,100
195.19,100
197.02,100
197.48,100
198.25,100
198.91,100
200.66,100
200.84,100
201.13,100
201.36,100
202.72,100
202.92,100
203.32,100
203.51,100
204.8,100
205.02,100
205.16,100
205.16,200
229.91,100
231.34,100
235.62,100
236.43,100
236.69,100
238.88,100
239.49,100
239.76,100
241.04,100
242.99,100
243.52,100
243.75,100
244.9,100
246.64,100
247.31,100
249.5,100
249.86,100
250.4,100
251.16,100
251.16,200
306.64,100
308.21,100
308.65,100
309.07,100
310.35,100
310.56,100
311.2,100
312.48,100
314.28,100
314.68,100
315.53,100
315.72,100
316.63,100
318.11,100
318.75,100
321.72,100
322.26,100
323.18,100
324.13,100
324.9,100
326.42,100
326.42,200
345.92,100
347.6,100
349.01,100
350.89,100
352.17,100
352.64,100
352.88,100
353.51,100
353.98,100
355.89,100
356.13,100
356.53,100
357.12,100
358.58,100
358.68,100
360.04,100
360.3,100
360.61,100
360.87,100
361.62,100
362.84,100
363.02,100
363.35,100
363.35,200
400.76,100
401.21,100
402.31,100
402.88,100
403.44,100
404.17,100
405.51,100
406.38,100
406.73,100
407.88,100
408.06,100
408.9,100
412.26,100
412.41,100
412.91,100
413.44,100
414.6,100
416.03,100
416.31,100
416.93,100
417.54,100
417.71,100
420.41,100
420.61,100
420.91,100
420.91,200
441.71,100
452.38,100
452.77,100
454.84,100
455.21,100
456.23,100
456.61,100
458.07,100
458.45,100
459.34,100
461.02,100
461.35,100
461.61,100
461.9,100
462.47,100
463.19,100
463.46,100
465.0,100
465.15,100
465.77,100
466.03,100
466.24,100
466.45,100
466.61,100
467.17,100
467.95,100
468.5,100
468.5,200
483.11,100
483.5,100
485.68,100
486.7,100
486.94,100
487.57,100
489.92,100
490.38,100
490.65,100
490.82,100
494.92,100
495.35,100
495.77,100
496.44,100
496.55,100
497.19,100
497.32,100
497.66,100
497.96,100
500.03,100
501.27,100
502.12,100
502.6,100
503.2,100
503.64,100
505.08,100
506.63,100
506.86,100
507.15,100
507.15,200
550.46,100
550.9,100
553.96,100
555.18,100
555.7,100
555.95,100
556.23,100
556.51,100
557.1,100
557.5,100
558.47,100
558.69,100
560.24,100
560.54,100
561.16,100
561.45,100
561.93,100
562.51,100
563.37,100
563.65,100
564.22,100
566.53,100
566.8,100
567.05,100
568.36,100
569.07,100
569.54,100
569.98,100
570.57,100
571.24,100
571.55,100
571.55,200
587.54,100
590.83,100
603.05,100
605.09,100
605.32,100
606.45,100
608.05,100
609.67,100
610.11,100
610.52,100
611.17,100
611.58,100
612.69,100
613.8,100
614.34,100
615.99,100
616.18,100
617.26,100
617.95,100
618.45,100
624.8,100
625.12,100
625.39,100
626.35,100
627.32,100
628.16,100
628.35,100
629.78,100
629.9,100
630.34,100
631.78,100
632.16,100
633.39,100
633.39,200
664.19,100
664.77,100
667.47,100
668.32,100
669.76,100
670.79,100
676.45,100
681.97,100
682.1,100
682.92,100
684.95,100
687.23,100
688.89,100
690.5,100
692.22,100
692.43,100
692.72,100
693.46,100
695.2,100
695.8,100
697.76,100
698.03,100
698.41,100
699.05,100
700.34,100
700.61,100
700.88,100
702.95,100
706.54,100
706.8,100
707.09,100
707.9,100
711.14,100
711.63,100
712.17,100
712.17,200
736.1,100
786.38,100
786.84,100
787.69,100
790.93,100
791.29,100
793.33,100
793.68,100
794.29,100
794.7,100
795.06,100
796.36,100
796.61,100
797.47,100
798.24,100
800.65,100
801.86,100
802.17,100
803.56,100
803.87,100
804.68,100
804.94,100
805.15,100
805.52,100
806.25,100
806.52,100
807.98,100
809.56,100
809.86,100
810.71,100
812.29,100
813.18,100
814.39,100
815.31,100
815.51,100
816.59,100
816.78,100
816.78,200
838.96,100
840.22,100
841.66,100
842.25,100
843.68,100
845.39,100
849.18,100
850.2,100
852.49,100
852.77,100
853.21,100
853.68,100
854.2,100
856.17,100
856.47,100
859.47,100
859.86,100
861.62,100
862.48,100
862.87,100
863.38,100
863.77,100
865.04,100
865.46,100
865.75,100
868.24,100
870.06,100
871.2,100
871.42,100
871.7,100
872.37,100
874.44,100
875.49,100
875.97,100
877.22,100
877.54,100
877.84,100
878.97,100
879.19,100
879.19,200
895.72,100
951.11,100
952.26,100
952.71,100
953.79,100
957.29,100
957.95,100
959.63,100
960.12,100
960.73,100
963.57,100
964.49,100
964.65,100
966.78,100
968.56,100
968.77,100
969.56,100
969.76,100
970.49,100
973.52,100
973.75,100
974.23,100
974.42,100
974.52,100
975.26,100
976.28,100
978.02,100
978.29,100
978.48,100
980.0,100
981.06,100
981.95,100
982.66,100
983.07,100
985.29,100
985.77,100
987.85,100
990.22,100
991.67,100
992.64,100
993.06,100
993.06,200
1049.69,100
1049.82,100
1050.91,100
1051.88,100
1053.74,100
1054.37,100
1057.47,100
1061.12,100
1061.82,100
1065.41,100
1065.85,100
1066.18,100
1066.38,100
1066.68,100
1068.53,100
1068.86,100
1070.22,100
1070.74,100
1071.95,100
1072.73,100
1072.87,100
1075.09,100
1075.5,100
1075.82,100
1078.03,100
1079.07,100
1079.37,100
1080.19,100
1080.32,100
1080.94,100
1081.41,100
1082.25,100
1083.92,100
1084.21,100
1085.81,100
1086.75,100
1087.81,100
1088.48,100
1089.77,100
1090.24,100
1090.74,100
1091.15,100
1092.73,100
1092.73,200
1160.82,100
1161.94,100
1163.21,100
1163.38,100
1165.83,100
1172.18,100
1172.92,100
1173.98,100
1174.73,100
1175.78,100
1177.46,100
1177.88,100
1178.16,100
1178.57,100
1179.05,100
1183.54,100
1184.0,100
1184.54,100
1186.38,100
1189.53,100
1190.24,100
1191.82,100
1192.62,100
1192.9,100
1193.67,100
1195.33,100
1196.35,100
1197.7,100
1199.6,100
1202.67,100
1203.32,100
1205.85,100
1253.95,100
1275.81,100
1384.39,100
1431.06,100
1486.33,100
1486.84,100
1487.93,100
1549.36,100
1549.92,100
1561.24,100
1561.76,100
1565.38,100
0.0,0
5.5,100
5.5,200
7.88,100
8.64,100
8.95,100
8.95,200
13.04,100
13.81,100
14.36,100
14.7,100
15.9,100
15.9,200
34.18,100
34.65,100
34.82,100
35.78,100
36.6,100
38.32,100
40.25,100
40.25,200
63.96,100
64.26,100
65.12,100
67.07,100
67.3,100
67.46,100
68.47,100
69.39,100
69.79,100
69.79,200
90.76,100
92.35,100
93.98,100
94.38,100
95.05,100
96.05,100
97.35,100
97.63,100
98.63,100
99.05,100
99.44,100
99.44,200
163.69,100
171.9,100
172.55,100
173.25,100
192.38,100
193.25,100
194.17,100
195.12,100
196.33,100
197.9,100
198.32,100
199.08,100
200.09,100
200.09,200
244.68,100
245.15,100
246.25,100
246.47,100
246.82,100
249.99,100
250.23,100
251.13,100
251.45,100
251.76,100
252.12,100
254.45,100
255.07,100
255.48,100
256.11,100
256.11,200
256.2,100
274.24,100
275.0,100
276.88,100
277.6,100
278.39,100
279.19,100
281.43,100
282.36,100
283.13,100
283.46,100
284.11,100
284.27,100
285.1,100
285.59,100
285.92,100
287.57,100
287.57,200
333.9,100
337.49,100
338.67,100
339.09,100
340.04,100
340.42,100
340.89,100
341.13,100
341.39,100
342.46,100
344.09,100
346.45,100
347.14,100
347.3,100
348.6,100
349.19,100
349.95,100
350.51,100
351.13,100
351.13,200
377.29,100
377.74,100
378.61,100
378.76,100
380.22,100
380.6,100
381.99,100
382.27,100
384.42,100
386.08,100
386.43,100
387.95,100
388.66,100
390.03,100
390.23,100
390.51,100
391.24,100
392.17,100
394.63,100
394.86,100
395.45,100
395.45,200
450.85,100
460.64,100
462.98,100
463.28,100
465.9,100
466.13,100
468.25,100
468.56,100
468.91,100
469.31,100
470.9,100
471.53,100
472.2,100
473.83,100
475.13,100
475.37,100
476.8,100
477.79,100
478.78,100
481.9,100
482.35,100
483.51,100
487.36,100
487.36,200
537.57,100
539.99,100
541.93,100
563.72,100
564.59,100
567.91,100
568.24,100
569.16,100
572.92,100
580.24,100
580.75,100
582.26,100
582.47,100
583.86,100
589.01,100
589.41,100
590.18,100
591.08,100
591.28,100
592.09,100
594.13,100
594.93,100
596.73,100
597.23,100
598.28,100
598.28,200
675.71,100
677.41,100
677.93,100
680.04,100
680.82,100
681.04,100
687.82,100
688.09,100
690.78,100
691.16,100
693.69,100
698.47,100
701.12,100
702.26,100
702.61,100
703.24,100
703.99,100
705.49,100
706.31,100
706.81,100
708.63,100
709.11,100
709.42,100
712.2,100
713.34,100
714.08,100
716.34,100
716.34,200
773.17,100
0.0,0
1.72,100
1.72,200
1.87,100
3.89,100
4.49,100
4.49,200
7.38,100
7.84,100
8.47,100
10.11,100
12.88,100
12.88,200
15.11,100
15.27,100
16.3,100
16.65,100
18.41,100
18.69,100
19.11,100
19.11,200
31.34,100
32.2,100
32.58,100
32.78,100
32.98,100
33.63,100
35.58,100
36.63,100
37.0,100
37.0,200
42.16,100
43.94,100
44.64,100
46.88,100
47.12,100
48.01,100
49.76,100
50.38,100
51.18,100
52.95,100
53.27,100
53.27,200
125.45,100
125.87,100
126.56,100
128.08,100
128.54,100
128.77,100
129.19,100
130.07,100
130.24,100
130.8,100
131.26,100
131.47,100
132.99,100
132.99,200
225.38,100
227.59,100
227.86,100
228.67,100
228.86,100
230.17,100
230.67,100
231.48,100
231.95,100
232.34,100
232.63,100
234.52,100
234.94,100
235.34,100
235.83,100
235.83,200
292.16,100
292.39,100
292.96,100
294.59,100
294.92,100
296.36,100
298.94,100
299.16,100
299.76,100
300.61,100
300.83,100
301.28,100
303.2,100
303.43,100
304.33,100
304.62,100
305.06,100
305.06,200
353.27,100
356.61,100
357.16,100
357.66,100
358.13,100
362.22,100
362.43,100
362.76,100
364.33,100
365.69,100
369.75,100
370.28,100
371.09,100
372.02,100
372.39,100
374.5,100
374.92,100
375.63,100
375.99,100
375.99,200
477.78,100
479.86,100
482.84,100
483.84,100
484.88,100
488.46,100
489.79,100
491.19,100
491.61,100
492.13,100
493.57,100
494.11,100
494.59,100
494.86,100
497.95,100
498.6,100
500.18,100
500.7,100
501.04,100
501.63,100
502.94,100
502.94,200
543.05,100
547.66,100
549.06,100
554.0,100
554.29,100
555.07,100
555.53,100
556.46,100
558.01,100
560.54,100
561.56,100
562.04,100
562.63,100
563.42,100
565.11,100
566.27,100
566.49,100
567.24,100
567.58,100
568.06,100
569.87,100
570.46,100
570.83,100
570.83,200
636.29,100
641.57,100
642.36,100
642.8,100
647.01,100
648.89,100
650.72,100
651.06,100
652.03,100
653.73,100
655.71,100
656.03,100
656.37,100
657.32,100
657.72,100
658.73,100
661.81,100
662.15,100
664.55,100
664.82,100
665.19,100
666.11,100
666.71,100
667.33,100
668.83,100
668.83,200
727.6,100
728.84,100
730.4,100
731.32,100
734.01,100
734.23,100
738.76,100
741.04,100
741.62,100
741.85,100
742.56,100
743.78,100
744.72,100
745.52,100
747.81,100
748.13,100
749.1,100
751.38,100
751.69,100
752.65,100
753.27,100
753.88,100
755.05,100
757.96,100
759.1,100
759.82,100
762.11,100
762.11,200
832.41,100
832.83,100
833.13,100
835.36,100
835.64,100
838.1,100
838.37,100
838.56,100
838.71,100
841.58,100
841.75,100
842.77,100
843.26,100
843.6,100
844.19,100
845.69,100
849.56,100
849.86,100
851.15,100
853.35,100
853.73,100
854.58,100
856.0,100
860.63,100
861.7,100
862.07,100
863.04,100
863.8,100
866.95,100
866.95,200
885.76,100
0.0,0
0.34,100
0.34,200
2.51,100
3.04,100
4.13,100
4.13,200
8.25,100
8.41,100
8.83,100
10.11,100
10.73,100
10.73,200
13.85,100
15.73,100
17.25,100
17.63,100
19.54,100
19.9,100
23.62,100
23.62,200
29.0,100
29.36,100
32.17,100
32.44,100
33.03,100
34.34,100
34.72,100
37.01,100
37.28,100
37.28,200
78.35,100
79.94,100
80.43,100
80.54,100
81.73,100
82.94,100
83.75,100
84.04,100
84.16,100
84.33,100
84.74,100
84.74,200
107.61,100
109.65,100
109.99,100
110.27,100
110.43,100
111.55,100
111.8,100
112.63,100
112.96,100
113.52,100
114.08,100
116.01,100
116.94,100
116.94,200
138.91,100
140.59,100
140.88,100
144.14,100
144.54,100
145.49,100
146.49,100
148.79,100
149.12,100
149.6,100
150.1,100
150.98,100
151.34,100
152.68,100
153.65,100
153.65,200
216.6,100
218.19,100
218.71,100
219.29,100
221.04,100
221.26,100
222.18,100
222.4,100
223.82,100
223.94,100
224.69,100
224.98,100
225.54,100
226.93,100
227.14,100
229.48,100
230.21,100
230.21,200
311.56,100
314.26,100
314.51,100
316.05,100
316.64,100
318.62,100
318.94,100
320.67,100
321.32,100
321.88,100
323.22,100
325.67,100
326.46,100
326.66,100
328.68,100
329.14,100
329.89,100
330.35,100
330.96,100
330.96,200
380.88,100
420.6,100
420.83,100
421.3,100
425.93,100
427.41,100
427.81,100
428.19,100
428.71,100
429.74,100
430.47,100
430.63,100
431.43,100
431.77,100
432.38,100
432.76,100
434.36,100
434.52,100
435.62,100
436.53,100
437.36,100
437.36,200
527.35,100
527.53,100
528.11,100
528.34,100
528.46,100
531.11,100
531.37,100
532.18,100
532.74,100
533.05,100
533.99,100
538.66,100
538.9,100
539.03,100
539.34,100
539.68,100
539.98,100
540.58,100
540.8,100
543.82,100
546.05,100
546.48,100
546.68,100
546.68,200
596.29,100
601.8,100
602.05,100
603.28,100
604.71,100
605.5,100
605.84,100
606.2,100
608.1,100
608.35,100
608.94,100
610.06,100
614.84,100
615.12,100
615.27,100
615.85,100
616.36,100
616.4,100
618.61,100
618.78,100
620.65,100
621.05,100
621.34,100
621.69,100
622.46,100
622.46,200
622.57,100
668.38,100
669.04,100
672.1,100
674.18,100
675.85,100
678.31,100
678.89,100
680.71,100
682.93,100
683.03,100
684.96,100
685.29,100
689.31,100
689.6,100
689.81,100
690.36,100
691.42,100
691.99,100
692.85,100
694.89,100
695.0,100
695.46,100
695.97,100
696.26,100
697.36,100
699.98,100
699.98,200
740.31,100
764.43,100
766.42,100
781.15,100
807.6,100
808.1,100
811.4,100
811.57,100
811.99,100
812.88,100
813.22,100
814.14,100
817.24,100
818.04,100
818.27,100
819.49,100
819.67,100
821.75,100
822.04,100
822.96,100
823.25,100
823.72,100
824.94,100
825.26,100
826.07,100
828.51,100
830.92,100
834.6,100
835.06,100
835.06,200
858.68,100
901.05,100
901.45,100
905.96,100
906.19,100
907.23,100
951.06,100
951.42,100
952.07,100
952.53,100
955.87,100
959.91,100
962.07,100
962.89,100
963.18,100
964.23,100
964.41,100
964.79,100
965.48,100
967.67,100
968.48,100
968.72,100
969.47,100
971.32,100
971.52,100
972.77,100
973.03,100
977.89,100
978.46,100
978.76,100
979.17,100
979.17,200
1004.18,100
1098.78,100
1099.43,100
1102.75,100
1119.81,100
1120.45,100
1120.62,100
1124.74,100
1125.11,100
1125.34,100
1126.25,100
1126.67,100
1128.25,100
1128.83,100
1131.64,100
1131.91,100
1132.06,100
1132.37,100
1133.05,100
1133.62,100
1136.88,100
1137.15,100
1138.94,100
1139.34,100
1142.27,100
1143.65,100
1144.22,100
1144.86,100
1148.66,100
1149.93,100
1150.27,100
1153.95,100
1154.19,100
1154.19,200
1213.25,100
1240.78,100
1241.65,100
1242.7,100
1247.16,100
1249.45,100
1249.84,100
1250.2,100
1250.97,100
1253.42,100
1256.15,100
1256.45,100
1258.23,100
1261.09,100
1262.28,100
1262.72,100
1263.52,100
1264.16,100
1264.39,100
1265.89,100
1266.89,100
1267.22,100
1268.25,100
1268.57,100
1268.95,100
1269.68,100
1270.22,100
1270.48,100
1271.81,100
1272.02,100
1274.41,100
1274.71,100
1275.54,100
1275.9,100
1276.19,100
1276.19,200
1309.69,100
1380.95,100
1381.38,100
1382.85,100
1388.6,100
1388.9,100
1389.77,100
1390.24,100
1392.95,100
1393.48,100
1393.67,100
1394.67,100
1397.2,100
1399.39,100
1399.7,100
1400.09,100
1400.86,100
1403.45,100
1403.92,100
1404.59,100
1405.38,100
1407.71,100
1408.01,100
1408.84,100
1409.09,100
1409.42,100
1410.95,100
1413.99,100
1414.22,100
1414.69,100
1415.36,100
1416.62,100
1420.84,100
1424.38,100
1424.64,100
1425.6,100
1426.06,100
1426.06,200
0.0,0
2.26,100
2.26,200
4.62,100
4.82,100
5.71,100
5.71,200
7.87,100
8.26,100
9.92,100
10.51,100
12.52,100
12.52,200
18.14,100
18.82,100
19.25,100
19.45,100
20.43,100
20.78,100
21.87,100
21.87,200
47.72,100
48.06,100
48.39,100
48.95,100
49.64,100
50.07,100
51.93,100
52.77,100
53.09,100
53.09,200
91.63,100
92.9,100
93.68,100
94.25,100
95.85,100
96.08,100
96.32,100
97.13,100
97.98,100
98.29,100
98.81,100
98.81,200
115.21,100
133.79,100
134.34,100
136.1,100
137.03,100
137.28,100
139.39,100
139.85,100
140.23,100
141.05,100
143.16,100
143.37,100
144.09,100
144.09,200
240.52,100
241.39,100
243.18,100
243.37,100
244.47,100
244.65,100
245.09,100
245.36,100
245.65,100
247.28,100
249.09,100
249.65,100
249.99,100
250.32,100
250.68,100
250.68,200
285.7,100
328.61,100
328.79,100
329.3,100
331.05,100
331.77,100
335.34,100
335.61,100
335.94,100
336.53,100
338.03,100
341.09,100
342.78,100
343.04,100
343.26,100
343.9,100
344.22,100
344.22,200
428.61,100
462.2,100
466.64,100
467.08,100
467.26,100
469.37,100
469.56,100
470.14,100
470.57,100
471.38,100
471.6,100
471.89,100
472.16,100
474.12,100
474.39,100
474.96,100
476.27,100
476.67,100
477.19,100
477.19,200
547.91,100
548.24,100
551.54,100
552.0,100
552.27,100
552.65,100
552.68,100
553.01,100
553.16,100
553.54,100
555.82,100
556.09,100
557.27,100
557.45,100
558.66,100
559.35,100
560.9,100
561.14,100
561.67,100
561.99,100
562.32,100
562.32,200
607.93,100
615.69,100
616.07,100
617.87,100
621.39,100
622.04,100
626.95,100
627.31,100
628.0,100
632.11,100
632.44,100
633.38,100
634.91,100
635.25,100
635.83,100
635.94,100
638.4,100
638.72,100
639.07,100
639.42,100
642.85,100
643.25,100
645.16,100
645.16,200
727.51,100
733.3,100
734.63,100
737.56,100
738.32,100
741.8,100
742.08,100
742.54,100
747.03,100
747.73,100
747.95,100
748.74,100
749.1,100
750.95,100
754.13,100
754.43,100
754.81,100
755.12,100
758.66,100
759.0,100
759.24,100
759.39,100
759.55,100
762.58,100
763.21,100
763.21,200
802.27,100
805.28,100
806.4,100
809.3,100
809.72,100
811.15,100
811.75,100
812.84,100
816.28,100
833.99,100
834.29,100
839.78,100
843.43,100
846.3,100
846.53,100
846.87,100
847.66,100
847.83,100
851.82,100
852.05,100
852.87,100
857.34,100
858.9,100
859.23,100
859.48,100
859.78,100
859.93,100
859.93,200
935.98,100
939.22,100
943.76,100
944.01,100
944.27,100
945.06,100
945.28,100
945.81,100
948.79,100
949.19,100
949.73,100
949.96,100
950.61,100
951.33,100
951.37,100
952.07,100
952.35,100
954.68,100
954.95,100
955.8,100
956.06,100
956.53,100
957.22,100
957.4,100
960.15,100
961.18,100
961.45,100
961.83,100
962.46,100
962.46,200
995.73,100
1059.83,100
1064.66,100
1065.72,100
1066.14,100
1067.22,100
1067.63,100
1067.92,100
1068.28,100
1070.52,100
1070.88,100
1071.6,100
1071.99,100
1074.04,100
1074.62,100
1075.16,100
1077.02,100
1078.17,100
1078.4,100
1078.9,100
1079.44,100
1080.0,100
1080.56,100
1083.64,100
1084.68,100
1085.36,100
1085.79,100
1086.48,100
1087.18,100
1089.64,100
1090.56,100
1090.56,200
1143.8,100
1146.78,100
1147.01,100
1150.82,100
1158.36,100
1159.59,100
1159.8,100
1160.15,100
1160.45,100
1162.88,100
0.0,0
0.31,100
0.31,200
2.22,100
2.48,100
3.42,100
3.42,200
6.06,100
6.63,100
7.46,100
7.61,100
9.09,100
9.09,200
13.06,100
13.59,100
13.98,100
14.34,100
14.54,100
15.07,100
15.45,100
15.45,200
46.11,100
47.31,100
47.64,100
48.86,100
49.72,100
50.52,100
51.65,100
52.12,100
53.54,100
53.54,200
126.8,100
127.54,100
127.98,100
128.13,100
129.29,100
129.59,100
129.86,100
130.07,100
130.42,100
130.63,100
130.82,100
130.82,200
178.39,100
178.59,100
178.8,100
179.8,100
181.3,100
181.5,100
182.47,100
182.84,100
183.2,100
184.02,100
185.67,100
186.08,100
186.7,100
186.7,200
258.21,100
258.97,100
259.26,100
261.33,100
261.52,100
262.34,100
262.54,100
263.38,100
265.46,100
265.99,100
266.96,100
267.75,100
268.74,100
269.86,100
269.99,100
269.99,200
298.55,100
299.47,100
300.25,100
303.06,100
303.34,100
303.53,100
304.72,100
306.49,100
307.55,100
308.84,100
309.17,100
310.57,100
310.87,100
311.55,100
311.98,100
312.45,100
312.78,100
312.78,200
374.68,100
379.6,100
380.41,100
381.57,100
383.43,100
385.58,100
386.82,100
387.68,100
388.17,100
389.47,100
389.76,100
390.45,100
391.3,100
392.88,100
393.71,100
394.47,100
397.67,100
398.3,100
399.38,100
399.38,200
451.16,100
452.92,100
453.14,100
453.6,100
453.8,100
457.0,100
457.26,100
459.74,100
459.97,100
460.28,100
460.9,100
461.01,100
462.11,100
462.79,100
463.22,100
463.42,100
464.0,100
464.42,100
465.65,100
465.86,100
466.16,100
466.16,200
504.3,100
532.36,100
532.64,100
532.8,100
533.26,100
535.2,100
535.93,100
537.25,100
537.66,100
540.22,100
540.9,100
542.9,100
543.5,100
544.14,100
544.77,100
545.15,100
547.64,100
547.89,100
548.3,100
548.81,100
549.09,100
550.06,100
550.24,100
550.24,200
594.18,100
594.81,100
595.04,100
596.12,100
596.87,100
597.9,100
598.12,100
598.36,100
598.71,100
599.09,100
600.67,100
600.82,100
601.15,100
602.56,100
602.86,100
604.38,100
605.39,100
606.29,100
606.56,100
606.92,100
607.39,100
610.27,100
610.47,100
610.82,100
611.29,100
611.29,200
670.05,100
670.95,100
676.1,100
679.16,100
679.41,100
680.64,100
681.44,100
682.11,100
683.11,100
683.42,100
684.93,100
685.28,100
685.67,100
687.45,100
687.62,100
688.29,100
688.93,100
689.79,100
692.53,100
692.76,100
693.7,100
693.93,100
694.13,100
697.61,100
697.89,100
698.14,100
699.71,100
699.71,200
807.22,100
810.39,100
811.09,100
814.98,100
815.36,100
816.1,100
817.99,100
818.14,100
819.46,100
819.89,100
820.38,100
820.69,100
821.81,100
822.03,100
822.64,100
824.15,100
825.01,100
825.95,100
826.3,100
826.71,100
829.07,100
829.24,100
829.65,100
830.25,100
831.21,100
834.02,100
834.28,100
834.88,100
836.86,100
836.86,200
898.48,100
900.51,100
903.52,100
903.72,100
903.94,100
904.4,100
904.92,100
905.23,100
906.13,100
907.87,100
908.26,100
909.09,100
910.38,100
910.84,100
911.3,100
912.81,100
913.1,100
915.38,100
915.98,100
916.88,100
917.22,100
918.19,100
918.64,100
919.14,100
919.43,100
919.72,100
921.39,100
921.56,100
921.91,100
922.77,100
923.28,100
923.28,200
1001.24,100
1001.87,100
1002.06,100
1002.7,100
1003.15,100
1003.36,100
1005.24,100
1006.6,100
1009.28,100
1009.48,100
1010.45,100
1011.53,100
1013.3,100
1016.13,100
1016.31,100
1016.88,100
1017.97,100
1018.79,100
1020.49,100
1020.77,100
1021.39,100
1022.37,100
1023.09,100
1023.6,100
1024.31,100
1026.22,100
1026.52,100
1026.84,100
1027.16,100
1029.32,100
1029.73,100
1029.98,100
1030.35,100
1030.35,200
1067.38,100
1067.49,100
1107.81,100
1112.33,100
1114.91,100
1115.41,100
1115.61,100
1115.8,100
1117.15,100
1118.08,100
1120.65,100
1120.96,100
1121.63,100
1125.62,100
1126.07,100
1126.3,100
1126.56,100
1127.12,100
1127.25,100
1127.8,100
1128.07,100
1128.66,100
1128.97,100
1129.2,100
1129.5,100
1131.35,100
1131.62,100
1133.02,100
1133.26,100
1135.71,100
1135.96,100
1137.38,100
1137.68,100
1138.26,100
1140.79,100
1140.79,200
1238.26,100
1239.74,100
1240.37,100
1240.87,100
1241.51,100
1244.46,100
1245.25,100
1245.97,100
1248.69,100
1249.54,100
1251.42,100
1252.83,100
1255.02,100
1255.83,100
1256.16,100
1257.04,100
1257.24,100
1257.57,100
1259.76,100
1260.87,100
1261.31,100
1261.8,100
1262.08,100
1264.1,100
1264.43,100
1265.38,100
1266.72,100
1267.51,100
1269.35,100
1269.62,100
1269.92,100
1270.17,100
1272.24,100
1272.54,100
1272.93,100
1273.86,100
1275.12,100
1275.12,200
1382.04,100
1384.3,100
1385.19,100
1385.68,100
1389.45,100
1391.34,100
1393.04,100
1393.34,100
1393.66,100
1397.43,100
1400.7,100
1401.52,100
1401.81,100
1402.52,100
1404.46,100
1407.86,100
1408.33,100
1408.77,100
1409.57,100
1411.43,100
1411.89,100
1415.09,100
1415.39,100
1415.75,100
1418.0,100
1418.33,100
1422.73,100
1423.0,100
1423.26,100
1424.0,100
1424.6,100
1426.44,100
1428.7,100
1429.1,100
1429.46,100
1429.84,100
1430.4,100
1430.97,100
1433.62,100
1433.62,200
0.0,0
0.25,100
0.25,200
2.67,100
2.83,100
3.28,100
3.28,200
6.14,100
6.38,100
8.89,100
9.9,100
10.13,100
10.13,200
23.94,100
24.2,100
24.86,100
26.03,100
26.42,100
26.69,100
26.92,100
26.92,200
27.01,100
110.96,100
111.26,100
112.0,100
112.4,100
113.93,100
114.74,100
115.01,100
115.32,100
115.32,200
115.42,100
128.13,100
128.75,100
129.73,100
130.18,100
131.96,100
133.11,100
134.54,100
136.0,100
137.73,100
138.16,100
138.16,200
197.87,100
198.45,100
198.68,100
198.74,100
199.15,100
200.18,100
200.36,100
201.31,100
202.67,100
202.85,100
203.54,100
203.73,100
204.6,100
204.6,200
266.95,100
267.43,100
269.78,100
269.95,100
271.84,100
272.11,100
272.57,100
273.24,100
273.5,100
273.95,100
275.85,100
276.18,100
278.31,100
278.6,100
281.53,100
281.53,200
314.86,100
315.64,100
323.6,100
326.19,100
327.93,100
328.72,100
328.94,100
329.75,100
331.5,100
333.15,100
333.43,100
335.34,100
335.67,100
336.32,100
336.76,100
337.62,100
337.84,100
337.84,200
388.14,100
388.45,100
389.54,100
391.56,100
393.74,100
394.05,100
396.98,100
397.27,100
398.38,100
398.74,100
399.97,100
401.62,100
401.86,100
402.77,100
403.29,100
403.45,100
403.75,100
404.16,100
405.07,100
405.07,200
468.22,100
470.81,100
473.18,100
473.48,100
473.71,100
473.86,100
475.12,100
475.49,100
476.29,100
478.72,100
479.2,100
479.98,100
481.01,100
482.46,100
482.88,100
483.56,100
483.78,100
484.25,100
486.37,100
486.98,100
487.19,100
487.19,200
560.03,100
562.17,100
562.77,100
563.18,100
565.25,100
565.57,100
566.65,100
567.46,100
567.66,100
568.29,100
568.61,100
571.13,100
574.09,100
574.42,100
574.98,100
576.09,100
576.3,100
576.87,100
577.31,100
577.6,100
578.37,100
578.73,100
579.91,100
579.91,200
641.28,100
641.52,100
643.49,100
643.78,100
645.94,100
648.97,100
652.07,100
652.76,100
654.11,100
654.32,100
654.62,100
657.89,100
658.46,100
659.1,100
659.39,100
659.9,100
661.22,100
661.4,100
662.01,100
662.67,100
664.02,100
666.18,100
666.91,100
667.33,100
667.87,100
667.87,200
734.52,100
736.01,100
739.43,100
740.35,100
744.57,100
745.53,100
746.0,100
746.39,100
746.8,100
749.47,100
750.29,100
750.41,100
750.77,100
750.97,100
753.63,100
754.35,100
754.77,100
758.2,100
758.45,100
759.79,100
760.18,100
763.2,100
765.5,100
766.09,100
767.94,100
768.39,100
769.12,100
769.12,200
835.34,100
835.44,100
835.63,100
840.07,100
841.01,100
848.94,100
850.47,100
854.63,100
855.98,100
857.31,100
857.52,100
858.13,100
858.53,100
858.93,100
859.26,100
861.57,100
861.84,100
862.55,100
862.86,100
863.15,100
863.46,100
864.95,100
865.73,100
865.98,100
868.25,100
868.47,100
868.79,100
869.34,100
869.61,100
869.61,200
950.6,100
950.82,100
952.22,100
952.82,100
960.27,100
964.86,100
969.92,100
970.4,100
972.1,100
972.57,100
974.89,100
975.76,100
976.06,100
976.43,100
977.05,100
978.98,100
979.26,100
979.55,100
980.25,100
981.35,100
983.16,100
983.34,100
984.37,100
985.65,100
985.88,100
986.59,100
986.82,100
987.17,100
988.38,100
988.86,100
989.25,100
989.25,200
1090.52,100
1097.05,100
1097.31,100
1097.98,100
1098.96,100
1099.1,100
1102.48,100
1107.01,100
1107.35,100
1108.02,100
1108.87,100
1110.84,100
1112.49,100
1113.48,100
1113.61,100
1114.15,100
1114.64,100
1114.82,100
1115.2,100
1115.93,100
1117.2,100
1117.82,100
1120.37,100
1120.7,100
1121.41,100
1121.78,100
1122.38,100
1122.75,100
1124.13,100
1124.64,100
1125.52,100
1125.95,100
1128.93,100
1128.93,200
1218.48,100
1267.6,100
1267.8,100
1269.12,100
1269.76,100
1276.87,100
1279.3,100
1283.02,100
1288.49,100
1288.85,100
1288.93,100
1291.73,100
1291.97,100
1293.37,100
1294.17,100
1296.43,100
1297.15,100
1297.97,100
1300.63,100
1300.9,100
1301.54,100
1301.77,100
1302.13,100
1302.47,100
1303.29,100
1304.33,100
1307.23,100
1308.22,100
1308.57,100
1308.87,100
1310.0,100
1312.57,100
1313.24,100
1313.65,100
1314.53,100
1314.53,200
1422.36,100
1472.29,100
1474.48,100
0.0,0
2.42,100
2.42,200
5.23,100
5.75,100
5.93,100
5.93,200
16.43,100
26.34,100
26.63,100
27.13,100
27.42,100
27.42,200
27.58,100
72.11,100
73.94,100
74.41,100
74.54,100
75.27,100
75.62,100
75.62,200
118.82,100
119.24,100
121.72,100
122.03,100
122.67,100
124.49,100
124.64,100
125.49,100
125.69,100
125.69,200
174.76,100
175.86,100
176.73,100
177.16,100
177.55,100
179.12,100
180.05,100
180.25,100
180.53,100
181.09,100
181.38,100
181.38,200
242.14,100
242.5,100
243.55,100
244.34,100
245.32,100
245.69,100
245.94,100
246.25,100
246.74,100
247.45,100
247.77,100
249.06,100
249.41,100
249.41,200
288.2,100
288.34,100
288.93,100
289.58,100
290.04,100
290.18,100
290.62,100
291.19,100
291.73,100
293.37,100
293.6,100
294.08,100
294.7,100
294.98,100
295.33,100
295.33,200
338.89,100
340.25,100
341.76,100
343.74,100
345.72,100
345.96,100
346.52,100
346.94,100
347.54,100
348.42,100
350.88,100
351.1,100
351.35,100
353.22,100
353.47,100
354.12,100
354.93,100
354.93,200
414.99,100
415.3,100
416.15,100
417.69,100
418.45,100
418.61,100
420.27,100
420.45,100
421.08,100
421.2,100
422.29,100
422.58,100
425.87,100
426.23,100
426.7,100
426.9,100
427.23,100
427.52,100
428.53,100
428.53,200
464.92,100
465.25,100
467.0,100
469.46,100
469.74,100
470.39,100
471.44,100
471.53,100
473.73,100
473.87,100
475.69,100
476.49,100
477.01,100
479.19,100
479.92,100
480.54,100
481.34,100
481.73,100
482.15,100
483.44,100
484.96,100
484.96,200
547.44,100
547.84,100
548.19,100
548.37,100
549.24,100
549.63,100
549.87,100
550.59,100
551.29,100
551.82,100
552.95,100
553.57,100
555.43,100
556.19,100
558.18,100
558.31,100
558.62,100
558.8,100
559.5,100
560.72,100
561.4,100
563.23,100
563.49,100
563.49,200
636.33,100
636.97,100
637.69,100
638.18,100
638.34,100
640.07,100
641.89,100
644.4,100
644.61,100
644.93,100
645.54,100
646.36,100
647.4,100
647.9,100
648.05,100
648.56,100
650.26,100
650.74,100
651.03,100
651.74,100
654.39,100
654.82,100
655.3,100
656.5,100
656.75,100
656.75,200
718.18,100
722.08,100
722.45,100
722.61,100
723.25,100
723.51,100
724.11,100
727.69,100
729.15,100
729.27,100
730.08,100
731.44,100
732.5,100
733.13,100
733.47,100
734.01,100
734.72,100
735.56,100
735.68,100
735.92,100
736.3,100
737.02,100
737.19,100
740.02,100
740.23,100
740.78,100
741.08,100
741.08,200
772.51,100
773.25,100
773.5,100
787.89,100
789.73,100
793.23,100
793.45,100
794.22,100
794.71,100
795.13,100
795.39,100
797.02,100
797.18,100
799.03,100
799.37,100
801.43,100
801.73,100
802.38,100
803.14,100
803.39,100
803.81,100
804.03,100
805.6,100
805.89,100
806.23,100
806.84,100
807.37,100
808.51,100
809.03,100
809.03,200
857.88,100
858.47,100
858.7,100
865.49,100
865.9,100
866.63,100
866.91,100
869.14,100
869.53,100
870.0,100
872.13,100
872.56,100
874.67,100
874.98,100
876.49,100
877.09,100
877.45,100
878.2,100
879.31,100
882.02,100
882.26,100
883.13,100
883.3,100
883.61,100
885.46,100
885.63,100
885.87,100
886.37,100
887.12,100
887.33,100
887.59,100
887.59,200
945.79,100
946.04,100
946.75,100
948.27,100
949.52,100
952.74,100
953.44,100
954.47,100
957.36,100
957.92,100
959.5,100
961.56,100
961.8,100
962.44,100
963.47,100
966.78,100
968.91,100
969.26,100
969.5,100
970.27,100
970.97,100
971.78,100
972.21,100
972.8,100
972.99,100
973.34,100
975.62,100
975.94,100
976.71,100
977.04,100
978.19,100
979.22,100
980.33,100
980.33,200
1047.64,100
1053.43,100
1057.45,100
1057.7,100
1057.93,100
1058.18,100
1060.78,100
1061.78,100
1062.99,100
1063.46,100
1063.74,100
1066.76,100
1066.97,100
1067.31,100
1068.08,100
1070.3,100
1070.85,100
1072.63,100
1072.85,100
1073.24,100
1073.96,100
1074.66,100
1076.42,100
1077.23,100
1079.26,100
1079.58,100
1081.3,100
1081.9,100
1082.54,100
1082.83,100
1084.78,100
1085.05,100
1085.33,100
1086.05,100
1086.5,100
1086.5,200
1176.51,100
1206.54,100
1209.88,100
1210.29,100
1211.45,100
1212.41,100
1215.98,100
1216.28,100
1216.9,100
1218.38,100
1220.77,100
1223.29,100
1223.52,100
1223.77,100
1224.55,100
1225.29,100
1225.5,100
1226.21,100
1228.39,100
1228.59,100
1229.56,100
1229.96,100
1231.26,100
1232.14,100
1233.02,100
1233.78,100
1235.52,100
1235.74,100
1236.02,100
1236.26,100
1236.61,100
1236.95,100
1237.63,100
1239.11,100
1241.92,100
1242.17,100
1242.47,100
1242.47,200
1295.21,100
1325.26,100
1326.01,100
1330.83,100
1331.13,100
1331.54,100
1331.75,100
1332.58,100
1335.85,100
1336.12,100
1336.33,100
1337.15,100
1340.99,100
1343.02,100
1343.17,100
1343.69,100
1344.36,100
1345.25,100
1345.73,100
1346.7,100
1346.91,100
1347.23,100
1349.47,100
1349.91,100
1350.61,100
1351.38,100
1354.34,100
1354.57,100
1354.89,100
1355.5,100
1355.92,100
1357.29,100
1358.06,100
1358.38,100
1360.46,100
1361.56,100
1363.01,100
1363.65,100
1365.84,100
1365.84,200
1411.59,100
1412.96,100
1445.86,100
1446.7,100
0.0,0
1.62,100
1.62,200
3.83,100
4.13,100
5.12,100
5.12,200
8.44,100
8.73,100
9.81,100
11.7,100
12.14,100
12.14,200
32.05,100
32.97,100
34.95,100
35.74,100
36.03,100
36.6,100
38.41,100
38.41,200
73.56,100
74.15,100
74.55,100
74.81,100
75.01,100
76.93,100
77.06,100
77.22,100
77.39,100
77.39,200
153.52,100
154.13,100
155.67,100
155.87,100
156.21,100
156.71,100
157.39,100
158.05,100
159.95,100
160.41,100
161.04,100
161.04,200
196.4,100
200.91,100
201.21,100
201.63,100
201.94,100
202.7,100
203.41,100
204.17,100
204.6,100
204.97,100
206.04,100
206.46,100
206.83,100
206.83,200
288.33,100
290.39,100
290.6,100
290.67,100
290.9,100
291.45,100
291.88,100
292.37,100
292.66,100
293.07,100
293.64,100
294.01,100
295.36,100
295.73,100
296.53,100
296.53,200
321.56,100
325.67,100
325.92,100
326.3,100
326.87,100
327.17,100
328.31,100
329.06,100
329.52,100
330.5,100
331.87,100
332.18,100
332.65,100
333.99,100
334.41,100
335.65,100
336.1,100
336.1,200
370.67,100
371.41,100
398.59,100
398.84,100
399.3,100
400.59,100
400.72,100
402.11,100
402.35,100
402.77,100
402.96,100
403.37,100
403.93,100
404.24,100
404.64,100
405.09,100
405.57,100
407.64,100
407.9,100
407.9,200
447.88,100
451.73,100
453.48,100
453.73,100
455.0,100
455.18,100
455.76,100
456.87,100
457.58,100
458.45,100
458.65,100
459.17,100
459.4,100
460.8,100
460.99,100
461.28,100
461.89,100
462.5,100
462.78,100
463.17,100
465.35,100
465.35,200
518.47,100
518.78,100
519.08,100
520.05,100
520.4,100
520.74,100
522.63,100
522.92,100
523.11,100
523.41,100
524.23,100
525.09,100
526.02,100
528.19,100
528.42,100
528.98,100
529.42,100
531.68,100
532.46,100
533.16,100
534.83,100
535.98,100
537.58,100
537.58,200
570.4,100
572.57,100
574.79,100
574.97,100
577.46,100
577.82,100
578.46,100
579.74,100
580.56,100
582.17,100
583.31,100
585.59,100
590.18,100
591.99,100
592.29,100
593.04,100
594.13,100
594.7,100
595.1,100
595.5,100
597.08,100
598.97,100
599.3,100
600.17,100
600.44,100
600.44,200
682.35,100
685.56,100
687.33,100
688.7,100
689.21,100
691.23,100
692.09,100
693.41,100
693.72,100
696.27,100
696.71,100
697.45,100
697.78,100
698.06,100
698.37,100
700.3,100
700.92,100
702.86,100
703.98,100
704.9,100
708.88,100
709.18,100
709.83,100
710.04,100
710.32,100
711.2,100
711.89,100
711.89,200
793.16,100
809.44,100
811.49,100
813.65,100
818.6,100
819.43,100
819.71,100
820.31,100
821.18,100
821.53,100
821.92,100
822.88,100
823.57,100
823.84,100
824.24,100
826.62,100
827.29,100
828.05,100
828.62,100
828.92,100
829.3,100
832.25,100
833.11,100
834.58,100
837.14,100
837.5,100
838.03,100
838.25,100
838.77,100
838.77,200
901.95,100
902.23,100
906.26,100
912.11,100
915.86,100
918.16,100
919.95,100
920.36,100
920.56,100
922.65,100
924.12,100
926.26,100
926.77,100
927.33,100
927.51,100
927.63,100
928.23,100
928.48,100
932.82,100
933.74,100
935.11,100
935.68,100
936.0,100
936.29,100
936.73,100
938.13,100
942.09,100
946.0,100
946.23,100
946.55,100
948.13,100
948.13,200
1050.26,100
1052.59,100
1054.51,100
1054.98,100
1055.77,100
1057.85,100
1058.11,100
1058.66,100
1059.03,100
1059.97,100
1060.61,100
1061.63,100
1062.15,100
1063.62,100
1063.89,100
1064.77,100
1066.09,100
1068.69,100
1069.0,100
1069.72,100
1069.96,100
1070.23,100
1070.94,100
1071.22,100
1072.35,100
1072.65,100
1073.12,100
1076.39,100
1076.7,100
1077.41,100
1077.66,100
1077.96,100
1078.55,100
1078.55,200
1149.12,100
1151.89,100
1153.32,100
1154.76,100
1155.1,100
1155.81,100
1156.49,100
1157.49,100
1157.93,100
1158.31,100
1160.93,100
1161.27,100
1161.99,100
1162.31,100
1162.98,100
1163.15,100
1164.0,100
1165.01,100
1166.47,100
1168.71,100
1169.58,100
1169.87,100
1170.28,100
1170.98,100
1171.23,100
1171.94,100
1172.59,100
1174.78,100
1175.05,100
1175.85,100
1176.22,100
1176.82,100
1177.69,100
1178.05,100
1178.32,100
1178.32,200
0.0,0
0.48,100
0.48,200
2.23,100
3.25,100
3.49,100
3.49,200
5.45,100
5.7,100
7.48,100
7.85,100
8.51,100
8.51,200
10.73,100
10.99,100
13.62,100
13.91,100
14.21,100
14.6,100
14.95,100
14.95,200
26.66,100
34.0,100
34.24,100
34.98,100
35.18,100
36.7,100
36.92,100
38.33,100
38.55,100
38.55,200
66.47,100
66.69,100
66.93,100
67.52,100
67.92,100
68.24,100
70.4,100
70.69,100
71.4,100
71.91,100
72.26,100
72.26,200
118.97,100
120.64,100
122.42,100
123.12,100
123.33,100
124.08,100
125.35,100
126.07,100
126.32,100
126.81,100
127.13,100
128.2,100
128.48,100
128.48,200
135.9,100
137.43,100
137.81,100
139.55,100
140.73,100
141.21,100
141.63,100
142.14,100
142.71,100
143.28,100
143.97,100
144.09,100
145.38,100
145.96,100
146.46,100
146.46,200
165.9,100
169.03,100
170.81,100
171.62,100
172.33,100
172.93,100
173.18,100
173.73,100
174.02,100
174.27,100
174.57,100
175.98,100
176.62,100
176.88,100
177.23,100
177.73,100
178.7,100
178.7,200
206.37,100
218.54,100
219.75,100
219.99,100
220.29,100
223.32,100
223.88,100
224.34,100
225.43,100
226.96,100
227.16,100
228.2,100
229.63,100
229.76,100
231.97,100
232.25,100
232.58,100
232.84,100
233.35,100
233.35,200
295.81,100
296.08,100
296.51,100
296.85,100
297.09,100
298.82,100
299.02,100
299.7,100
299.84,100
301.01,100
301.63,100
301.8,100
302.14,100
302.59,100
303.68,100
304.13,100
304.47,100
304.79,100
305.1,100
305.46,100
306.19,100
306.19,200
385.68,100
387.0,100
387.31,100
389.51,100
389.8,100
391.41,100
391.6,100
392.58,100
393.09,100
393.25,100
395.26,100
395.55,100
395.81,100
396.37,100
396.76,100
397.24,100
398.0,100
398.28,100
398.42,100
399.22,100
401.04,100
401.83,100
402.12,100
402.12,200
402.4,100
440.54,100
443.83,100
447.66,100
448.01,100
448.32,100
451.12,100
453.78,100
454.06,100
454.41,100
455.2,100
455.69,100
456.36,100
456.51,100
456.98,100
458.41,100
458.6,100
459.22,100
459.73,100
460.05,100
460.42,100
462.36,100
463.8,100
464.81,100
465.18,100
465.18,200
522.88,100
527.34,100
527.52,100
531.96,100
532.76,100
533.29,100
535.17,100
536.34,100
536.67,100
537.87,100
540.37,100
540.69,100
543.44,100
543.86,100
544.29,100
544.67,100
545.04,100
545.16,100
548.64,100
548.94,100
550.29,100
550.57,100
551.08,100
554.18,100
554.68,100
555.15,100
557.86,100
557.86,200
602.5,100
607.76,100
608.04,100
614.12,100
614.27,100
617.15,100
621.21,100
621.59,100
622.5,100
623.9,100
626.2,100
626.58,100
627.08,100
627.52,100
627.55,100
627.66,100
628.55,100
629.31,100
631.81,100
632.14,100
634.4,100
634.62,100
634.92,100
635.58,100
636.05,100
637.73,100
639.44,100
639.77,100
641.21,100
641.21,200
719.48,100
723.68,100
724.22,100
728.09,100
731.57,100
732.34,100
734.31,100
736.52,100
736.95,100
737.27,100
737.7,100
739.73,100
740.09,100
740.51,100
740.76,100
745.02,100
746.42,100
747.59,100
748.59,100
749.33,100
752.18,100
754.77,100
755.24,100
755.53,100
756.21,100
757.2,100
757.8,100
760.13,100
762.73,100
763.29,100
763.68,100
763.68,200
854.0,100
857.99,100
862.69,100
864.08,100
864.52,100
866.51,100
866.9,100
872.01,100
872.43,100
872.96,100
873.44,100
873.75,100
874.19,100
874.38,100
875.16,100
877.35,100
877.6,100
877.98,100
878.24,100
880.08,100
880.65,100
883.05,100
884.04,100
884.91,100
885.48,100
887.3,100
888.01,100
888.57,100
889.5,100
891.5,100
891.93,100
893.37,100
894.21,100
894.21,200
950.42,100
967.82,100
975.73,100
987.89,100
989.42,100
989.47,100
992.28,100
995.93,100
996.63,100
997.34,100
1001.27,100
1003.14,100
1009.44,100
1009.91,100
1010.26,100
1011.01,100
1015.55,100
1015.87,100
1016.18,100
1018.65,100
1018.89,100
1019.84,100
1020.14,100
1022.41,100
1022.86,100
1023.76,100
1024.47,100
1024.68,100
1024.87,100
1027.86,100
1028.15,100
1028.54,100
1029.34,100
1030.01,100
1030.4,100
1030.4,200
1112.02,100
1112.97,100
1114.71,100
1115.27,100
1209.86,100
1230.48,100
1265.3,100
1294.18,100
0.0,0
1.23,100
1.23,200
6.76,100
7.11,100
8.71,100
8.71,200
14.93,100
15.27,100
15.57,100
16.02,100
19.23,100
19.23,200
34.76,100
36.35,100
36.65,100
37.99,100
38.28,100
38.63,100
39.23,100
39.23,200
78.12,100
79.57,100
79.87,100
80.17,100
81.37,100
81.68,100
82.03,100
82.91,100
84.16,100
84.16,200
106.37,100
106.87,100
107.16,100
107.59,100
108.46,100
108.84,100
110.32,100
110.6,100
110.87,100
111.94,100
112.83,100
112.83,200
166.24,100
166.74,100
167.85,100
168.12,100
169.43,100
171.53,100
172.08,100
172.9,100
173.15,100
173.61,100
175.57,100
175.94,100
176.29,100
176.29,200
223.69,100
224.37,100
224.94,100
226.54,100
226.71,100
227.01,100
227.45,100
227.94,100
228.44,100
229.35,100
230.63,100
231.45,100
231.8,100
232.54,100
232.75,100
232.75,200
232.93,100
288.51,100
288.81,100
291.52,100
291.77,100
293.25,100
294.01,100
294.13,100
294.52,100
294.62,100
294.87,100
295.18,100
295.85,100
296.55,100
298.79,100
299.1,100
299.63,100
299.63,200
340.71,100
341.56,100
341.95,100
343.98,100
344.38,100
344.97,100
345.83,100
348.01,100
348.17,100
349.25,100
351.15,100
351.56,100
352.31,100
352.72,100
354.6,100
355.56,100
355.92,100
356.78,100
356.91,100
356.91,200
425.34,100
425.47,100
426.15,100
426.89,100
428.62,100
428.95,100
429.22,100
431.94,100
432.51,100
434.15,100
434.41,100
434.7,100
436.53,100
436.67,100
437.19,100
437.64,100
438.09,100
441.32,100
441.58,100
442.07,100
442.43,100
442.43,200
499.95,100
503.1,100
505.86,100
506.13,100
506.42,100
507.13,100
508.56,100
508.72,100
509.02,100
509.51,100
511.59,100
514.2,100
514.35,100
514.57,100
515.11,100
515.43,100
515.96,100
519.18,100
519.39,100
519.9,100
521.9,100
522.47,100
523.12,100
523.12,200
575.55,100
575.87,100
576.74,100
579.14,100
581.61,100
583.19,100
583.38,100
583.57,100
583.73,100
583.98,100
584.97,100
589.35,100
589.54,100
590.2,100
591.83,100
592.06,100
592.32,100
592.84,100
595.58,100
597.49,100
598.89,100
599.23,100
599.77,100
600.04,100
601.34,100
601.34,200
664.93,100
666.51,100
670.81,100
671.01,100
673.0,100
674.68,100
675.08,100
675.48,100
677.15,100
677.48,100
679.01,100
679.19,100
679.45,100
679.96,100
680.29,100
681.09,100
681.42,100
684.53,100
684.76,100
685.09,100
685.59,100
689.24,100
689.6,100
691.41,100
691.67,100
692.1,100
692.46,100
692.46,200
758.3,100
760.73,100
762.84,100
764.76,100
765.06,100
770.69,100
771.23,100
771.99,100
772.71,100
774.4,100
775.75,100
775.92,100
776.2,100
776.56,100
777.6,100
778.25,100
778.47,100
779.52,100
780.97,100
782.13,100
782.5,100
783.19,100
784.38,100
784.59,100
785.57,100
786.15,100
786.78,100
787.32,100
788.8,100
788.8,200
868.51,100
876.11,100
880.03,100
880.23,100
880.58,100
881.36,100
882.3,100
884.28,100
884.45,100
885.64,100
885.86,100
886.72,100
887.13,100
887.67,100
890.46,100
891.04,100
891.28,100
891.71,100
892.67,100
893.7,100
894.05,100
894.47,100
894.75,100
895.11,100
895.6,100
897.75,100
897.92,100
898.57,100
898.93,100
899.33,100
899.82,100
899.82,200
950.93,100
953.29,100
956.83,100
961.48,100
962.24,100
965.36,100
966.25,100
967.91,100
969.13,100
971.56,100
972.28,100
972.88,100
973.26,100
973.54,100
975.48,100
975.72,100
976.44,100
976.75,100
977.1,100
979.28,100
979.52,100
979.96,100
980.88,100
982.65,100
985.14,100
985.45,100
986.14,100
987.02,100
987.78,100
987.99,100
988.41,100
989.99,100
990.36,100
990.36,200
1095.7,100
1095.84,100
1104.63,100
1104.8,100
1105.38,100
1105.63,100
1107.81,100
1109.59,100
1111.06,100
1112.38,100
1112.86,100
1115.01,100
1115.86,100
1116.36,100
1116.83,100
1117.2,100
1117.58,100
1118.11,100
1120.53,100
1120.81,100
1121.72,100
1121.95,100
1122.45,100
1123.37,100
1124.19,100
1124.94,100
1125.17,100
1126.63,100
1126.88,100
1127.6,100
1127.85,100
1128.39,100
1129.23,100
1130.15,100
1130.72,100
1130.72,200
1216.47,100
1219.87,100
1220.93,100
1227.54,100
1232.31,100
1235.75,100
1236.52,100
1239.79,100
1241.89,100
1242.24,100
1242.44,100
1243.47,100
1244.38,100
1247.02,100
1247.61,100
1247.97,100
1248.42,100
1249.48,100
1249.86,100
1250.45,100
1251.45,100
1252.7,100
1252.99,100
1253.67,100
1254.02,100
1254.84,100
1255.32,100
1255.9,100
1256.62,100
1257.19,100
1259.7,100
1260.03,100
1260.42,100
1260.57,100
1261.0,100
1261.39,100
1261.75,100
1261.75,200
1308.23,100
1360.11,100
1363.05,100
1365.09,100
1365.48,100
1365.65,100
1369.17,100
1370.81,100
1374.12,100
1374.29,100
1375.23,100
1380.51,100
1381.01,100
1381.66,100
1383.56,100
1383.96,100
1384.08,100
1387.48,100
1387.79,100
1388.41,100
1388.77,100
1389.68,100
1390.17,100
1394.22,100
1395.28,100
1398.3,100
1398.54,100
1399.28,100
1399.53,100
1400.57,100
1401.49,100
1402.2,100
1404.78,100
1405.17,100
1405.91,100
1406.12,100
1406.44,100
1407.55,100
1407.96,100
1407.96,200
0.0,0
17.04,100
17.04,200
24.35,100
25.61,100
26.86,100
26.86,200
34.26,100
35.17,100
35.43,100
36.11,100
36.54,100
36.54,200
41.81,100
42.03,100
42.42,100
43.16,100
43.93,100
45.14,100
46.27,100
46.27,200
74.99,100
75.16,100
75.3,100
76.03,100
76.38,100
76.6,100
77.0,100
77.33,100
78.13,100
78.13,200
78.31,100
90.33,100
90.45,100
90.87,100
91.13,100
91.36,100
91.86,100
92.09,100
93.45,100
93.99,100
95.68,100
95.68,200
155.22,100
155.43,100
158.32,100
158.61,100
158.82,100
159.19,100
160.14,100
160.67,100
161.07,100
161.48,100
163.22,100
163.43,100
163.66,100
163.66,200
218.65,100
221.5,100
222.0,100
222.34,100
222.71,100
223.11,100
223.99,100
224.21,100
224.44,100
224.78,100
226.16,100
226.34,100
227.75,100
228.04,100
229.34,100
229.34,200
279.57,100
301.65,100
333.23,100
333.46,100
338.86,100
339.39,100
339.79,100
340.04,100
341.64,100
342.1,100
343.39,100
343.58,100
344.93,100
345.21,100
346.6,100
347.07,100
347.82,100
347.82,200
385.4,100
385.96,100
386.19,100
386.42,100
387.9,100
388.28,100
389.94,100
390.19,100
390.4,100
390.8,100
391.06,100
392.49,100
392.71,100
392.95,100
393.44,100
393.58,100
393.89,100
394.92,100
395.78,100
395.78,200
486.82,100
488.77,100
489.04,100
489.84,100
492.57,100
494.74,100
495.83,100
497.57,100
498.03,100
499.61,100
499.78,100
502.69,100
503.09,100
503.43,100
503.75,100
504.31,100
505.32,100
506.08,100
506.6,100
506.89,100
507.13,100
507.13,200
564.25,100
595.25,100
595.99,100
596.52,100
596.9,100
597.15,100
597.74,100
598.3,100
598.84,100
600.09,100
600.78,100
601.27,100
603.1,100
603.43,100
604.09,100
604.33,100
605.04,100
605.34,100
605.94,100
606.95,100
607.21,100
607.89,100
610.29,100
610.29,200
0.0,0
2.57,100
2.57,200
4.64,100
5.44,100
5.78,100
5.78,200
7.46,100
8.14,100
10.71,100
11.08,100
12.34,100
12.34,200
25.2,100
25.64,100
26.5,100
26.92,100
27.28,100
27.52,100
27.75,100
27.75,200
31.51,100
32.57,100
33.39,100
34.11,100
34.51,100
35.04,100
36.38,100
36.63,100
36.99,100
36.99,200
42.02,100
42.65,100
44.05,100
44.45,100
44.78,100
45.14,100
45.49,100
46.07,100
47.46,100
47.79,100
48.31,100
48.31,200
74.51,100
75.25,100
75.49,100
76.07,100
76.61,100
77.27,100
78.08,100
78.98,100
80.28,100
80.49,100
80.83,100
81.07,100
81.66,100
81.66,200
123.09,100
123.86,100
124.06,100
124.37,100
124.91,100
126.08,100
127.43,100
127.74,100
128.0,100
128.42,100
128.77,100
129.08,100
129.86,100
130.13,100
130.61,100
130.61,200
194.11,100
194.86,100
196.04,100
196.33,100
196.58,100
200.45,100
200.6,100
201.72,100
202.61,100
203.91,100
204.58,100
204.78,100
205.03,100
205.79,100
206.5,100
207.8,100
208.36,100
208.36,200
238.98,100
257.77,100
262.52,100
262.82,100
263.05,100
263.9,100
265.96,100
266.49,100
267.33,100
267.84,100
269.1,100
270.13,100
270.35,100
270.88,100
271.65,100
272.03,100
273.65,100
273.94,100
274.24,100
274.24,200
345.28,100
350.89,100
351.05,100
351.6,100
353.61,100
354.44,100
354.75,100
355.15,100
355.5,100
355.81,100
356.14,100
356.63,100
356.92,100
357.2,100
358.17,100
359.4,100
359.77,100
360.08,100
361.84,100
362.06,100
362.4,100
362.4,200
435.67,100
442.6,100
442.85,100
443.72,100
460.43,100
460.94,100
461.85,100
465.41,100
466.15,100
466.43,100
468.81,100
469.03,100
469.29,100
469.62,100
469.86,100
471.12,100
473.17,100
473.54,100
473.85,100
473.99,100
474.39,100
474.65,100
475.03,100
475.03,200
0.0,0
2.38,100
2.38,200
4.34,100
4.67,100
5.02,100
5.02,200
6.99,100
9.79,100
10.67,100
10.86,100
11.24,100
11.24,200
18.21,100
20.52,100
40.99,100
41.27,100
42.01,100
42.36,100
42.62,100
42.62,200
50.57,100
51.54,100
52.87,100
53.23,100
53.84,100
54.58,100
55.5,100
55.65,100
56.06,100
56.06,200
108.27,100
108.54,100
110.22,100
111.1,100
113.92,100
114.19,100
114.45,100
115.06,100
115.55,100
116.03,100
116.65,100
116.65,200
175.88,100
176.72,100
177.58,100
178.19,100
180.14,100
180.38,100
181.05,100
182.57,100
182.87,100
183.93,100
185.37,100
185.55,100
185.95,100
185.95,200
258.49,100
258.61,100
258.99,100
259.27,100
262.1,100
262.35,100
263.94,100
264.14,100
265.46,100
266.12,100
267.84,100
268.26,100
268.85,100
269.16,100
269.78,100
269.78,200
363.1,100
363.33,100
364.98,100
367.13,100
368.42,100
369.35,100
369.94,100
370.12,100
370.47,100
370.74,100
371.09,100
371.47,100
372.31,100
372.57,100
373.73,100
375.58,100
375.77,100
375.77,200
415.83,100
418.27,100
419.27,100
421.31,100
421.53,100
424.21,100
427.35,100
430.33,100
430.63,100
431.2,100
431.53,100
432.2,100
433.1,100
433.22,100
435.37,100
435.71,100
437.65,100
438.01,100
442.19,100
442.19,200
530.79,100
536.82,100
538.42,100
546.25,100
546.73,100
547.06,100
547.44,100
547.66,100
548.26,100
548.48,100
548.98,100
549.84,100
551.1,100
551.33,100
551.72,100
552.27,100
552.59,100
552.62,100
553.39,100
553.86,100
554.67,100
554.67,200
600.77,100
627.29,100
630.45,100
630.68,100
632.82,100
634.84,100
635.2,100
635.47,100
637.47,100
637.86,100
639.1,100
639.5,100
641.27,100
641.58,100
642.24,100
642.55,100
643.58,100
644.87,100
646.79,100
647.05,100
648.15,100
648.48,100
648.8,100
648.8,200
648.88,100
731.03,100
740.54,100
741.66,100
741.85,100
744.03,100
747.66,100
751.03,100
751.29,100
751.72,100
751.91,100
752.64,100
753.06,100
753.6,100
754.39,100
754.65,100
755.32,100
757.02,100
759.3,100
761.03,100
761.42,100
762.12,100
764.53,100
766.87,100
769.54,100
769.54,200
832.04,100
838.31,100
838.69,100
840.08,100
841.22,100
846.5,100
846.78,100
847.31,100
847.48,100
847.82,100
848.26,100
848.58,100
848.82,100
849.09,100
849.36,100
850.0,100
850.31,100
851.54,100
851.91,100
852.26,100
853.58,100
853.79,100
854.66,100
855.08,100
855.52,100
856.48,100
856.67,100
856.67,200
940.34,100
964.08,100
964.79,100
965.01,100
965.83,100
967.7,100
969.38,100
969.61,100
970.17,100
972.03,100
974.9,100
975.17,100
975.52,100
975.65,100
976.54,100
976.88,100
977.46,100
978.09,100
978.29,100
979.11,100
980.87,100
981.03,100
981.35,100
982.06,100
982.46,100
982.99,100
985.58,100
987.15,100
987.41,100
987.41,200
1036.22,100
1046.55,100
1047.18,100
1049.43,100
1051.48,100
1056.55,100
1057.22,100
1062.74,100
1063.22,100
1063.49,100
1064.53,100
1065.2,100
1065.94,100
1066.67,100
1069.16,100
1070.03,100
1071.21,100
1071.61,100
1072.14,100
1072.34,100
1072.83,100
1075.04,100
1075.72,100
1075.96,100
1076.66,100
1077.36,100
1077.97,100
1078.37,100
1081.31,100
1081.52,100
1082.21,100
1082.21,200
1135.29,100
1138.71,100
1140.33,100
1216.23,100
1216.45,100
1217.42,100
1223.58,100
1225.37,100
1241.36,100
1245.99,100
1246.44,100
1251.14,100
1254.35,100
1257.18,100
1257.66,100
1264.92,100
1266.07,100
1270.69,100
1274.85,100
1275.12,100
1275.46,100
1276.4,100
1278.71,100
1281.2,100
1281.47,100
1282.9,100
1283.39,100
1283.66,100
1283.87,100
1284.33,100
1286.85,100
1287.57,100
1289.57,100
1289.57,200
1368.66,100
1368.83,100
1373.51,100
1381.02,100
1381.42,100
1381.86,100
1386.47,100
1387.29,100
1387.94,100
1392.22,100
1392.46,100
1394.64,100
1396.53,100
1400.05,100
1400.65,100
1405.3,100
1405.74,100
1406.46,100
1407.58,100
1408.09,100
1410.28,100
1414.16,100
1414.56,100
1415.65,100
1420.22,100
1421.19,100
1424.27,100
1424.69,100
1429.84,100
1430.61,100
1431.51,100
1432.61,100
1434.85,100
1435.16,100
1435.65,100
1435.65,200
1519.18,100
1520.87,100
1530.96,100
1534.05,100
1535.41,100
1540.96,100
1554.5,100
1560.32,100
1561.23,100
1561.52,100
1563.03,100
1568.76,100
1569.77,100
1570.15,100
1571.79,100
1572.51,100
1572.71,100
1579.18,100
1583.8,100
1583.99,100
1586.36,100
1586.68,100
1588.19,100
1591.49,100
1592.71,100
1593.02,100
1595.62,100
1597.37,100
1597.58,100
1597.91,100
1598.26,100
1598.39,100
1599.71,100
1601.3,100
1604.51,100
1604.9,100
1605.42,100
1605.42,200
0.0,0
4.31,100
4.31,200
7.12,100
7.96,100
8.39,100
8.39,200
11.84,100
12.11,100
12.93,100
13.95,100
14.39,100
14.39,200
19.31,100
21.74,100
22.08,100
22.46,100
22.89,100
23.38,100
25.82,100
25.82,200
52.44,100
53.57,100
53.91,100
54.79,100
55.34,100
59.83,100
60.1,100
61.26,100
61.76,100
61.76,200
77.04,100
77.66,100
77.79,100
78.58,100
78.73,100
79.07,100
79.96,100
80.25,100
80.31,100
80.9,100
81.12,100
81.12,200
131.11,100
132.62,100
133.38,100
133.7,100
136.82,100
137.1,100
137.47,100
138.0,100
138.55,100
139.06,100
141.76,100
142.16,100
142.97,100
142.97,200
235.87,100
236.03,100
236.76,100
239.64,100
241.05,100
241.38,100
241.7,100
242.36,100
242.78,100
243.52,100
244.59,100
245.49,100
245.8,100
247.67,100
247.82,100
247.82,200
296.21,100
296.53,100
304.43,100
304.75,100
305.34,100
305.64,100
305.98,100
307.77,100
308.0,100
308.93,100
309.39,100
310.16,100
310.39,100
312.08,100
312.39,100
313.28,100
313.58,100
313.58,200
352.65,100
354.17,100
356.24,100
357.39,100
357.79,100
358.4,100
359.95,100
361.11,100
365.3,100
365.79,100
367.15,100
367.34,100
368.87,100
370.97,100
371.33,100
372.23,100
372.63,100
373.24,100
374.14,100
374.14,200
450.84,100
451.1,100
488.19,100
488.41,100
488.68,100
489.81,100
491.17,100
493.52,100
494.16,100
494.47,100
494.75,100
495.39,100
496.31,100
496.46,100
496.77,100
497.12,100
497.5,100
499.76,100
500.15,100
500.59,100
500.74,100
500.74,200
560.72,100
564.77,100
565.12,100
565.81,100
566.35,100
567.27,100
568.19,100
569.17,100
569.43,100
570.07,100
570.62,100
570.91,100
572.64,100
572.92,100
573.37,100
573.64,100
573.97,100
575.6,100
577.05,100
577.8,100
578.11,100
578.89,100
579.32,100
579.32,200
640.57,100
643.79,100
645.76,100
647.79,100
648.71,100
648.98,100
649.43,100
650.21,100
652.06,100
652.79,100
653.34,100
653.83,100
654.19,100
654.81,100
655.27,100
657.84,100
658.24,100
659.44,100
660.28,100
661.19,100
661.4,100
661.65,100
662.38,100
662.63,100
664.9,100
664.9,200
698.36,100
703.42,100
705.54,100
705.98,100
706.24,100
709.3,100
710.06,100
713.44,100
713.6,100
714.32,100
715.75,100
717.8,100
720.32,100
720.69,100
720.96,100
721.33,100
725.35,100
725.76,100
726.52,100
727.74,100
728.32,100
730.79,100
733.89,100
734.88,100
735.48,100
736.5,100
740.02,100
740.02,200
787.97,100
788.38,100
788.61,100
788.8,100
795.62,100
803.81,100
803.95,100
805.14,100
812.0,100
812.23,100
813.75,100
814.17,100
817.01,100
817.2,100
818.12,100
820.03,100
821.63,100
822.0,100
823.76,100
824.34,100
826.68,100
826.97,100
827.45,100
827.7,100
828.05,100
828.25,100
829.07,100
829.62,100
830.24,100
830.24,200
0.0,0
0.12,100
0.12,200
2.29,100
2.51,100
2.98,100
2.98,200
9.01,100
9.29,100
25.3,100
25.87,100
26.57,100
26.57,200
66.97,100
67.38,100
67.78,100
68.03,100
69.04,100
71.4,100
71.64,100
71.64,200
110.54,100
112.56,100
112.83,100
113.18,100
116.07,100
116.74,100
117.12,100
117.53,100
118.11,100
118.11,200
158.89,100
159.9,100
161.11,100
161.45,100
162.5,100
162.82,100
164.72,100
165.09,100
166.34,100
168.09,100
168.39,100
168.39,200
220.17,100
220.29,100
221.34,100
222.14,100
222.48,100
222.94,100
224.0,100
224.57,100
225.04,100
225.25,100
225.59,100
227.13,100
227.37,100
227.37,200
273.71,100
277.14,100
277.56,100
277.85,100
278.25,100
279.24,100
280.07,100
281.62,100
281.83,100
282.14,100
282.38,100
282.81,100
283.55,100
283.84,100
284.94,100
284.94,200
328.48,100
330.1,100
331.61,100
334.0,100
334.3,100
334.99,100
338.09,100
338.41,100
339.18,100
339.59,100
339.93,100
340.26,100
340.78,100
340.89,100
341.43,100
341.82,100
343.09,100
343.09,200
429.77,100
430.01,100
433.69,100
433.95,100
434.28,100
435.58,100
435.81,100
436.18,100
436.44,100
440.03,100
440.19,100
440.46,100
440.72,100
441.22,100
442.29,100
444.98,100
445.52,100
449.67,100
449.99,100
449.99,200
509.88,100
515.63,100
515.9,100
518.94,100
519.24,100
520.97,100
521.35,100
521.85,100
522.24,100
523.05,100
523.2,100
526.87,100
527.3,100
527.76,100
528.66,100
529.35,100
529.66,100
530.18,100
530.56,100
532.3,100
532.6,100
532.6,200
571.73,100
572.1,100
578.61,100
578.95,100
585.5,100
588.43,100
592.52,100
592.84,100
593.34,100
594.09,100
594.4,100
596.34,100
599.58,100
599.86,100
600.36,100
601.41,100
602.32,100
604.61,100
604.99,100
605.8,100
608.29,100
610.14,100
610.46,100
610.46,200
701.31,100
703.28,100
706.53,100
710.93,100
711.16,100
711.42,100
711.93,100
712.25,100
712.84,100
714.02,100
716.46,100
717.09,100
717.8,100
718.11,100
722.07,100
722.27,100
722.72,100
723.51,100
724.75,100
725.89,100
726.94,100
727.7,100
728.23,100
728.46,100
730.38,100
730.38,200
790.21,100
800.78,100
801.01,100
806.45,100
806.75,100
807.33,100
807.55,100
808.48,100
811.27,100
811.45,100
811.81,100
812.25,100
812.64,100
815.8,100
816.09,100
816.38,100
816.67,100
817.58,100
821.29,100
821.77,100
822.4,100
824.29,100
824.58,100
826.58,100
828.34,100
828.66,100
829.93,100
829.93,200
892.86,100
899.77,100
904.3,100
911.69,100
916.33,100
916.89,100
918.03,100
920.35,100
920.78,100
921.12,100
921.41,100
922.86,100
923.18,100
923.54,100
924.0,100
925.92,100
926.64,100
928.53,100
928.78,100
929.06,100
929.74,100
933.18,100
933.48,100
933.96,100
934.83,100
937.37,100
937.83,100
938.72,100
939.16,100
939.16,200
999.68,100
1001.5,100
0.0,0
1.3,100
1.3,200
8.19,100
8.53,100
9.72,100
9.72,200
26.5,100
26.82,100
27.56,100
27.79,100
28.26,100
28.26,200
66.58,100
67.28,100
67.52,100
69.01,100
69.5,100
69.93,100
71.62,100
71.62,200
106.42,100
107.02,100
107.18,100
108.62,100
108.99,100
110.64,100
110.93,100
111.49,100
111.72,100
111.72,200
152.22,100
152.45,100
152.76,100
152.89,100
154.81,100
155.05,100
155.45,100
156.07,100
156.89,100
157.6,100
158.26,100
158.26,200
229.28,100
229.65,100
232.85,100
233.13,100
233.63,100
234.57,100
235.04,100
236.89,100
237.02,100
237.35,100
238.07,100
238.78,100
239.12,100
239.12,200
279.57,100
280.82,100
281.98,100
282.91,100
283.6,100
283.94,100
284.45,100
286.52,100
286.83,100
287.16,100
288.78,100
289.06,100
289.57,100
291.34,100
291.52,100
291.52,200
360.21,100
360.58,100
361.61,100
362.1,100
362.47,100
362.66,100
363.05,100
363.43,100
364.06,100
364.83,100
365.06,100
365.32,100
365.62,100
366.83,100
367.17,100
367.65,100
368.72,100
368.72,200
417.98,100
425.74,100
425.89,100
426.04,100
429.64,100
430.98,100
432.3,100
432.61,100
432.99,100
433.2,100
433.42,100
436.91,100
437.35,100
437.8,100
438.09,100
439.74,100
440.24,100
440.34,100
440.56,100
440.56,200
531.27,100
532.04,100
532.8,100
536.34,100
536.76,100
540.26,100
540.79,100
542.03,100
542.53,100
543.66,100
544.02,100
544.42,100
544.6,100
544.9,100
547.92,100
548.24,100
548.55,100
548.69,100
549.21,100
549.68,100
550.48,100
550.48,200
599.63,100
603.24,100
603.78,100
605.65,100
607.43,100
609.67,100
610.3,100
611.6,100
611.83,100
612.34,100
612.58,100
613.32,100
613.46,100
613.71,100
614.85,100
616.47,100
616.8,100
617.07,100
617.37,100
617.68,100
618.33,100
619.12,100
619.79,100
619.79,200
692.02,100
692.99,100
694.36,100
695.19,100
698.69,100
699.38,100
700.44,100
700.62,100
701.06,100
701.72,100
702.0,100
702.45,100
702.75,100
703.46,100
704.54,100
704.73,100
705.01,100
705.84,100
706.33,100
706.8,100
707.14,100
707.37,100
707.82,100
708.57,100
711.27,100
711.27,200
790.14,100
792.53,100
792.68,100
793.76,100
798.7,100
799.27,100
802.98,100
803.49,100
803.77,100
803.98,100
804.79,100
805.15,100
805.46,100
805.87,100
807.62,100
808.32,100
808.83,100
809.14,100
809.46,100
809.91,100
810.9,100
811.36,100
811.62,100
812.01,100
814.78,100
815.21,100
815.44,100
815.44,200
860.37,100
862.09,100
864.09,100
865.61,100
867.16,100
867.71,100
870.16,100
870.67,100
871.76,100
873.51,100
873.87,100
874.64,100
875.41,100
876.11,100
877.22,100
879.57,100
879.93,100
880.78,100
881.17,100
881.52,100
881.94,100
883.18,100
883.65,100
884.02,100
884.45,100
884.79,100
885.09,100
885.67,100
887.18,100
887.18,200
931.15,100
932.36,100
948.62,100
949.27,100
954.38,100
954.82,100
955.08,100
957.09,100
957.46,100
958.0,100
959.6,100
961.78,100
962.08,100
962.61,100
963.06,100
963.37,100
963.76,100
964.24,100
967.03,100
967.26,100
967.74,100
968.31,100
968.71,100
969.11,100
969.6,100
970.29,100
970.64,100
973.86,100
974.15,100
974.77,100
975.13,100
975.13,200
998.02,100
1005.87,100
1007.11,100
1007.57,100
1010.91,100
1076.83,100
1093.09,100
1093.87,100
1098.61,100
1099.78,100
1100.43,100
1111.64,100
1116.3,100
1116.52,100
1117.15,100
1117.87,100
1119.15,100
1120.58,100
1121.48,100
1121.77,100
1122.18,100
1122.48,100
1125.65,100
1127.02,100
1127.86,100
1130.36,100
1132.84,100
1134.5,100
1135.2,100
1136.13,100
1137.9,100
1138.21,100
1138.78,100
1138.78,200
1162.28,100
1165.36,100
1172.5,100
1191.96,100
1201.81,100
1207.77,100
1209.47,100
1214.73,100
1218.25,100
1219.0,100
1219.16,100
1219.61,100
1220.21,100
1220.75,100
1221.9,100
1223.23,100
1223.79,100
1224.03,100
1224.91,100
1226.15,100
1228.83,100
1228.99,100
1229.3,100
1229.93,100
1230.61,100
1232.02,100
1234.37,100
1234.67,100
1235.03,100
1235.27,100
1235.58,100
1236.25,100
1237.33,100
1237.57,100
1240.03,100
1240.03,200
1302.55,100
1330.49,100
1375.04,100
1387.98,100
0.0,0
8.56,100
8.56,200
12.87,100
13.11,100
13.67,100
13.67,200
21.99,100
22.54,100
22.74,100
23.09,100
23.67,100
23.67,200
31.61,100
32.27,100
32.67,100
33.06,100
33.47,100
34.43,100
34.97,100
34.97,200
48.06,100
48.61,100
48.98,100
49.97,100
51.1,100
52.03,100
53.91,100
54.28,100
54.76,100
54.76,200
81.07,100
83.93,100
85.56,100
86.16,100
87.02,100
87.27,100
87.56,100
88.09,100
89.62,100
89.87,100
90.32,100
90.32,200
163.73,100
177.31,100
177.47,100
177.88,100
177.94,100
178.61,100
179.51,100
181.23,100
181.51,100
181.92,100
182.17,100
182.84,100
183.76,100
183.76,200
222.72,100
223.45,100
224.22,100
226.52,100
227.37,100
227.67,100
227.98,100
228.66,100
229.91,100
232.5,100
232.75,100
233.33,100
233.88,100
234.3,100
234.99,100
234.99,200
309.55,100
312.55,100
312.82,100
315.66,100
316.84,100
317.07,100
317.57,100
320.17,100
321.41,100
321.86,100
322.14,100
323.84,100
324.25,100
324.65,100
325.73,100
328.06,100
328.3,100
328.3,200
394.98,100
395.24,100
395.59,100
396.2,100
396.6,100
398.41,100
398.76,100
399.1,100
399.51,100
399.8,100
400.81,100
401.06,100
401.71,100
402.06,100
402.58,100
403.15,100
404.33,100
404.7,100
405.07,100
405.07,200
471.74,100
472.18,100
472.87,100
477.57,100
477.78,100
478.07,100
479.7,100
480.59,100
480.81,100
481.04,100
481.3,100
481.75,100
482.46,100
483.67,100
484.54,100
484.85,100
488.05,100
488.36,100
488.7,100
489.49,100
491.51,100
491.51,200
561.68,100
564.76,100
565.32,100
566.51,100
567.91,100
568.25,100
568.48,100
568.83,100
570.11,100
570.97,100
571.98,100
572.48,100
573.08,100
574.15,100
574.55,100
575.28,100
576.43,100
576.83,100
581.69,100
581.95,100
582.12,100
582.62,100
583.81,100
583.81,200
624.9,100
627.21,100
630.18,100
632.75,100
633.12,100
633.77,100
677.59,100
678.23,100
678.78,100
686.03,100
686.74,100
689.08,100
689.33,100
689.81,100
690.37,100
691.3,100
691.89,100
692.26,100
692.55,100
694.73,100
694.97,100
695.78,100
697.13,100
697.43,100
697.61,100
697.61,200
784.28,100
784.54,100
785.5,100
787.24,100
788.66,100
788.87,100
789.34,100
789.51,100
791.15,100
791.45,100
792.1,100
793.13,100
793.32,100
793.53,100
793.8,100
794.79,100
795.5,100
796.05,100
796.72,100
796.93,100
799.1,100
799.76,100
804.41,100
804.68,100
805.74,100
807.16,100
807.66,100
807.66,200
807.87,100
843.89,100
846.8,100
851.46,100
853.67,100
854.09,100
854.33,100
855.07,100
855.65,100
858.17,100
858.82,100
865.84,100
866.56,100
868.21,100
869.57,100
869.9,100
870.81,100
872.51,100
872.7,100
873.45,100
874.26,100
874.4,100
875.14,100
876.05,100
878.19,100
878.71,100
879.87,100
880.85,100
881.72,100
881.72,200
959.82,100
967.87,100
968.16,100
969.65,100
969.95,100
971.19,100
971.44,100
975.09,100
975.64,100
976.38,100
977.08,100
977.28,100
980.4,100
980.7,100
981.35,100
982.25,100
982.91,100
983.61,100
986.04,100
986.97,100
987.28,100
987.61,100
991.15,100
992.58,100
993.91,100
994.82,100
996.03,100
996.6,100
997.24,100
998.13,100
998.79,100
998.79,200
1053.22,100
1055.16,100
1063.69,100
1071.87,100
1083.59,100
1084.15,100
1084.67,100
1085.21,100
1085.39,100
1086.13,100
1093.67,100
1094.02,100
1094.34,100
1095.99,100
1096.23,100
1096.54,100
1101.14,100
1101.71,100
1103.73,100
1104.19,100
1104.41,100
1104.62,100
1105.3,100
1106.31,100
1106.99,100
1108.17,100
1111.38,100
1111.7,100
1112.37,100
1113.02,100
1113.74,100
1114.43,100
1114.7,100
1114.7,200
1208.79,100
1209.54,100
1212.45,100
1229.19,100
1229.62,100
1230.03,100
1234.72,100
1234.94,100
1235.26,100
1236.26,100
1236.78,100
1237.87,100
1238.29,100
1239.2,100
1239.44,100
1242.32,100
1242.71,100
1243.02,100
1243.69,100
1244.31,100
1245.02,100
1245.91,100
1249.46,100
1249.88,100
1251.58,100
1252.07,100
1255.11,100
1255.59,100
1258.19,100
1259.37,100
1261.19,100
1261.7,100
1262.39,100
1262.44,100
1262.6,100
1262.6,200
1341.94,100
1342.82,100
1343.56,100
1344.43,100
1353.96,100
1356.19,100
1359.62,100
1360.43,100
1361.04,100
1362.82,100
1363.21,100
1363.78,100
1364.35,100
1368.24,100
1368.96,100
1371.35,100
1372.82,100
1373.23,100
1373.74,100
1374.01,100
1374.46,100
1374.64,100
1375.49,100
1377.75,100
1379.62,100
1380.03,100
1380.41,100
1380.94,100
1380.97,100
1382.21,100
1382.97,100
1383.44,100
1383.82,100
1385.91,100
1386.24,100
1386.62,100
1388.39,100
1388.39,200
1388.63,100
1426.68,100
1502.86,100
1503.97,100
0.0,0
5.17,100
5.17,200
7.19,100
8.06,100
8.33,100
8.33,200
11.08,100
11.38,100
11.71,100
12.36,100
12.68,100
12.68,200
16.15,100
16.31,100
18.07,100
18.32,100
18.99,100
19.85,100
21.65,100
21.65,200
36.89,100
37.12,100
37.37,100
38.23,100
38.5,100
39.35,100
39.81,100
41.83,100
42.08,100
42.08,200
63.96,100
65.42,100
65.56,100
65.86,100
66.42,100
66.67,100
67.13,100
67.52,100
68.35,100
70.4,100
70.63,100
70.63,200
105.63,100
106.85,100
109.29,100
109.53,100
109.81,100
109.96,100
110.41,100
110.68,100
111.7,100
112.31,100
112.77,100
114.55,100
114.75,100
114.75,200
176.26,100
176.53,100
176.83,100
177.35,100
179.53,100
179.74,100
180.37,100
180.7,100
181.63,100
182.05,100
182.28,100
184.3,100
184.47,100
184.78,100
185.3,100
185.3,200
224.18,100
225.38,100
225.64,100
270.71,100
275.09,100
275.49,100
275.79,100
276.68,100
278.09,100
278.38,100
278.73,100
279.07,100
279.4,100
280.11,100
281.07,100
281.28,100
281.87,100
281.87,200
335.18,100
350.77,100
351.54,100
352.09,100
352.49,100
354.51,100
354.62,100
355.57,100
355.93,100
356.18,100
356.43,100
356.79,100
357.29,100
357.93,100
358.43,100
358.75,100
359.1,100
359.46,100
361.28,100
361.28,200
440.46,100
440.88,100
441.52,100
443.26,100
443.44,100
443.71,100
444.11,100
445.0,100
446.55,100
447.28,100
447.66,100
447.82,100
448.21,100
448.57,100
448.89,100
449.34,100
451.81,100
452.39,100
452.84,100
453.17,100
453.66,100
453.66,200
514.91,100
517.75,100
521.43,100
522.16,100
522.47,100
522.9,100
523.57,100
530.86,100
531.13,100
531.49,100
533.7,100
534.48,100
534.65,100
537.07,100
537.42,100
537.81,100
538.07,100
538.54,100
539.85,100
543.42,100
543.84,100
544.08,100
544.77,100
544.77,200
569.57,100
569.83,100
570.17,100
570.57,100
591.88,100
593.48,100
595.09,100
595.59,100
598.48,100
599.85,100
601.01,100
601.97,100
605.68,100
606.03,100
607.43,100
607.77,100
608.43,100
608.75,100
611.22,100
611.57,100
611.91,100
614.17,100
614.56,100
615.22,100
617.11,100
617.11,200
710.67,100
711.07,100
713.38,100
718.02,100
718.31,100
718.72,100
721.11,100
721.41,100
722.0,100
724.72,100
724.86,100
732.92,100
735.42,100
735.86,100
738.37,100
738.75,100
740.71,100
741.01,100
743.05,100
743.1,100
746.61,100
747.25,100
749.19,100
751.55,100
751.96,100
754.1,100
754.51,100
754.51,200
847.32,100
847.82,100
850.1,100
853.25,100
853.54,100
854.02,100
855.03,100
858.82,100
859.01,100
864.08,100
864.48,100
864.9,100
865.52,100
867.23,100
867.57,100
867.85,100
868.56,100
871.36,100
873.19,100
873.74,100
876.28,100
876.53,100
877.09,100
877.44,100
878.59,100
878.98,100
881.41,100
881.7,100
882.23,100
882.23,200
0.0,0
8.28,100
8.28,200
13.57,100
14.03,100
15.29,100
15.29,200
22.93,100
24.08,100
24.3,100
24.97,100
25.3,100
25.3,200
36.81,100
37.1,100
37.39,100
37.99,100
38.6,100
39.56,100
40.27,100
40.27,200
42.35,100
42.68,100
42.93,100
43.59,100
44.08,100
45.07,100
45.62,100
46.09,100
47.69,100
47.69,200
80.3,100
80.81,100
81.16,100
81.5,100
82.81,100
83.5,100
83.83,100
84.87,100
86.03,100
86.34,100
87.06,100
87.06,200
115.56,100
117.44,100
118.15,100
120.36,100
122.05,100
122.2,100
122.48,100
123.22,100
123.97,100
124.99,100
125.31,100
125.65,100
126.12,100
126.12,200
170.07,100
170.68,100
171.0,100
172.9,100
173.12,100
173.56,100
173.9,100
175.44,100
175.73,100
176.08,100
176.42,100
177.58,100
178.76,100
179.04,100
179.65,100
179.65,200
244.53,100
244.79,100
245.06,100
246.38,100
248.73,100
248.98,100
249.2,100
249.46,100
249.82,100
250.38,100
251.56,100
254.45,100
254.74,100
255.65,100
257.31,100
258.59,100
258.86,100
258.86,200
324.02,100
325.56,100
327.88,100
328.1,100
328.38,100
328.65,100
328.91,100
329.47,100
330.42,100
331.23,100
333.25,100
334.0,100
334.28,100
334.66,100
335.76,100
336.25,100
336.57,100
337.48,100
338.2,100
338.2,200
436.94,100
437.4,100
444.28,100
445.95,100
446.22,100
447.26,100
448.79,100
450.75,100
451.06,100
451.78,100
452.26,100
455.94,100
456.34,100
456.75,100
457.27,100
458.45,100
459.46,100
461.22,100
461.47,100
463.64,100
464.12,100
464.12,200
529.57,100
567.35,100
573.55,100
573.72,100
575.21,100
576.6,100
577.88,100
578.1,100
578.58,100
579.21,100
579.61,100
580.55,100
581.28,100
581.9,100
583.78,100
584.03,100
584.28,100
584.92,100
585.23,100
586.34,100
587.48,100
588.01,100
588.37,100
588.37,200
682.46,100
683.57,100
685.83,100
686.15,100
687.03,100
688.09,100
689.61,100
689.94,100
690.24,100
690.6,100
695.2,100
695.68,100
696.03,100
696.4,100
700.95,100
702.56,100
702.82,100
703.1,100
703.62,100
703.84,100
705.66,100
706.65,100
707.52,100
708.82,100
709.23,100
709.23,200
798.18,100
820.15,100
820.33,100
826.8,100
827.42,100
827.72,100
829.82,100
831.89,100
833.28,100
835.18,100
837.65,100
837.95,100
838.24,100
839.02,100
842.75,100
843.29,100
844.02,100
844.57,100
845.46,100
846.6,100
847.03,100
849.46,100
849.64,100
849.94,100
850.59,100
850.98,100
851.57,100
851.57,200
907.54,100
911.42,100
911.79,100
912.49,100
917.78,100
919.9,100
920.2,100
920.5,100
920.84,100
921.22,100
922.08,100
922.88,100
923.6,100
923.87,100
926.4,100
927.99,100
928.26,100
928.57,100
929.26,100
930.23,100
930.53,100
931.81,100
932.64,100
934.29,100
934.68,100
934.91,100
935.62,100
935.97,100
937.69,100
937.69,200
965.47,100
995.58,100
996.45,100
1001.0,100
1007.02,100
1007.28,100
1007.62,100
1008.41,100
1010.49,100
1010.72,100
1011.13,100
1012.85,100
1013.06,100
1013.53,100
1014.32,100
1014.84,100
1015.43,100
1015.68,100
1017.19,100
1017.85,100
1019.24,100
1019.54,100
1021.94,100
1022.69,100
1023.09,100
1025.56,100
1025.86,100
1026.43,100
1028.99,100
1031.66,100
1032.12,100
1032.12,200
1035.51,100
1035.91,100
1036.28,100
1037.29,100
1038.14,100
1040.93,100
1041.1,100
1043.56,100
1043.76,100
1045.43,100
1046.19,100
1046.6,100
1049.43,100
1049.77,100
1050.55,100
1050.86,100
1051.63,100
1051.99,100
1053.0,100
1058.2,100
1061.09,100
1065.77,100
1066.84,100
1068.06,100
1068.97,100
1070.74,100
1070.98,100
1071.89,100
1073.85,100
1074.57,100
1075.09,100
1078.13,100
1078.92,100
1078.92,200
1146.16,100
1148.85,100
1150.96,100
1151.88,100
1156.89,100
1161.89,100
1162.12,100
1162.7,100
1162.94,100
1163.18,100
1164.74,100
1169.61,100
1169.88,100
1170.12,100
1170.49,100
1171.39,100
1172.65,100
1177.52,100
1177.84,100
1178.04,100
1178.72,100
1178.93,100
1179.3,100
1179.49,100
1180.08,100
1180.48,100
1181.67,100
1181.96,100
1184.39,100
1186.76,100
1187.89,100
1189.57,100
1189.96,100
1190.6,100
1190.93,100
1190.93,200
1246.05,100
1249.08,100
1249.67,100
1250.72,100
1253.91,100
1255.97,100
1258.48,100
1261.35,100
1270.68,100
1270.93,100
1271.28,100
1272.08,100
1273.86,100
1276.75,100
1276.99,100
1277.29,100
1277.69,100
1278.04,100
1278.35,100
1279.34,100
1280.87,100
1281.08,100
1281.47,100
1281.87,100
1282.14,100
1282.48,100
1283.16,100
1284.2,100
1284.47,100
1285.13,100
1285.52,100
1286.1,100
1286.65,100
1287.21,100
1288.43,100
1289.87,100
1290.19,100
1290.19,200
1290.32,100
0.0,0
5.91,100
5.91,200
8.31,100
9.17,100
9.98,100
9.98,200
14.65,100
14.82,100
15.69,100
16.15,100
17.06,100
17.06,200
30.95,100
31.26,100
32.84,100
33.35,100
33.7,100
34.16,100
36.41,100
36.41,200
47.67,100
47.96,100
49.6,100
49.85,100
50.7,100
53.15,100
53.85,100
54.58,100
54.75,100
54.75,200
101.47,100
101.72,100
103.44,100
104.88,100
105.54,100
105.89,100
106.36,100
106.92,100
109.15,100
110.67,100
111.09,100
111.09,200
157.57,100
159.9,100
160.78,100
161.02,100
161.36,100
161.58,100
161.92,100
162.38,100
162.95,100
165.02,100
166.76,100
167.93,100
168.4,100
168.4,200
222.56,100
224.38,100
225.42,100
227.23,100
227.54,100
228.33,100
230.25,100
230.68,100
232.9,100
234.25,100
234.69,100
235.39,100
235.77,100
236.91,100
239.08,100
239.08,200
330.77,100
334.55,100
335.67,100
335.91,100
336.2,100
336.65,100
336.86,100
338.27,100
338.56,100
338.83,100
340.36,100
341.07,100
342.4,100
343.78,100
344.12,100
344.53,100
345.23,100
345.23,200
390.93,100
396.15,100
397.45,100
401.7,100
403.53,100
405.0,100
405.27,100
405.81,100
406.29,100
408.21,100
408.55,100
409.07,100
409.52,100
409.89,100
411.94,100
412.26,100
412.68,100
412.92,100
413.92,100
413.92,200
472.0,100
474.1,100
474.43,100
478.07,100
478.45,100
479.58,100
479.84,100
480.15,100
480.53,100
481.91,100
482.35,100
482.93,100
486.13,100
486.4,100
486.82,100
487.18,100
487.62,100
488.99,100
490.01,100
491.22,100
492.77,100
492.77,200
560.89,100
561.7,100
580.5,100
581.0,100
581.71,100
585.73,100
585.94,100
586.26,100
586.66,100
587.21,100
587.94,100
589.37,100
589.91,100
590.1,100
590.94,100
592.19,100
592.6,100
593.07,100
595.05,100
595.51,100
595.95,100
596.17,100
597.62,100
597.62,200
668.86,100
672.1,100
675.32,100
675.57,100
675.87,100
676.32,100
677.52,100
679.39,100
679.97,100
680.24,100
681.57,100
681.81,100
682.13,100
682.54,100
682.99,100
685.02,100
687.42,100
687.67,100
687.96,100
688.49,100
689.32,100
689.73,100
691.1,100
693.64,100
694.16,100
694.16,200
757.38,100
764.96,100
765.26,100
765.58,100
767.9,100
769.6,100
769.94,100
770.31,100
770.77,100
772.17,100
772.38,100
772.77,100
773.15,100
775.82,100
776.08,100
776.65,100
777.25,100
777.61,100
777.93,100
779.27,100
780.54,100
782.14,100
782.44,100
782.9,100
783.92,100
785.66,100
786.07,100
786.07,200
860.16,100
860.48,100
861.05,100
862.3,100
863.71,100
863.93,100
864.24,100
864.79,100
866.82,100
867.06,100
867.37,100
867.72,100
868.35,100
870.07,100
872.15,100
872.47,100
872.81,100
873.3,100
873.77,100
874.96,100
875.28,100
875.7,100
876.41,100
879.26,100
879.53,100
880.07,100
880.39,100
881.09,100
882.09,100
882.09,200
976.47,100
977.24,100
977.65,100
979.67,100
982.52,100
982.93,100
986.29,100
991.57,100
991.81,100
992.24,100
992.97,100
993.6,100
995.04,100
996.09,100
997.31,100
999.21,100
1001.72,100
1002.05,100
1002.38,100
1003.07,100
1003.54,100
1006.09,100
1009.44,100
1009.71,100
1010.0,100
1010.54,100
1010.79,100
1011.18,100
1012.02,100
1012.45,100
1013.68,100
1013.68,200
1082.74,100
1093.57,100
1093.88,100
1094.25,100
1094.92,100
1098.19,100
1098.67,100
1099.24,100
1100.17,100
1103.61,100
1104.04,100
1104.38,100
1106.86,100
1107.15,100
1107.55,100
1107.99,100
1108.38,100
1110.01,100
1110.21,100
1112.82,100
1113.92,100
1115.38,100
1118.51,100
1118.9,100
1120.27,100
1120.73,100
1120.99,100
1121.31,100
1121.98,100
1124.1,100
1126.33,100
1127.11,100
1127.55,100
1127.55,200
1182.38,100
1184.13,100
1189.17,100
1189.46,100
1190.03,100
1190.4,100
1199.52,100
1203.53,100
1203.76,100
1212.25,100
1212.52,100
1212.78,100
1214.25,100
1221.34,100
1222.5,100
1223.05,100
1223.96,100
1224.29,100
1224.51,100
1225.22,100
1226.96,100
1227.94,100
1230.21,100
1230.69,100
1231.36,100
1232.18,100
1232.65,100
1232.99,100
1235.94,100
1236.09,100
1238.71,100
1239.2,100
1239.56,100
1241.53,100
1241.73,100
1241.73,200
1300.67,100
1301.51,100
0.0,0
4.07,100
4.07,200
5.98,100
7.1,100
7.41,100
7.41,200
11.94,100
12.23,100
12.66,100
13.7,100
14.34,100
14.34,200
20.76,100
20.95,100
21.31,100
22.95,100
23.25,100
25.35,100
26.04,100
26.04,200
34.93,100
36.21,100
39.18,100
39.34,100
39.66,100
40.32,100
40.74,100
41.23,100
42.87,100
42.87,200
56.25,100
56.55,100
56.96,100
57.62,100
59.19,100
59.63,100
59.89,100
60.14,100
60.45,100
60.67,100
61.65,100
61.65,200
116.56,100
116.85,100
118.53,100
119.94,100
120.77,100
122.03,100
122.37,100
122.82,100
123.77,100
125.36,100
125.71,100
126.18,100
128.83,100
128.83,200
170.38,100
174.94,100
210.11,100
211.06,100
211.37,100
212.68,100
213.42,100
214.09,100
214.66,100
215.38,100
215.68,100
216.1,100
216.6,100
216.94,100
218.54,100
218.54,200
280.37,100
281.1,100
281.44,100
284.86,100
285.19,100
286.8,100
287.02,100
287.24,100
287.91,100
289.57,100
290.48,100
291.25,100
292.95,100
293.14,100
293.45,100
293.91,100
295.0,100
295.0,200
386.39,100
387.17,100
387.52,100
387.8,100
405.47,100
406.12,100
406.85,100
408.19,100
408.63,100
408.89,100
410.25,100
412.63,100
413.17,100
413.52,100
415.38,100
415.64,100
416.11,100
417.91,100
418.64,100
418.64,200
418.79,100
486.96,100
487.27,100
490.96,100
491.24,100
491.51,100
493.7,100
494.14,100
494.47,100
494.72,100
496.06,100
496.3,100
496.76,100
496.97,100
497.43,100
497.72,100
498.08,100
499.35,100
500.34,100
500.92,100
502.65,100
502.65,200
591.78,100
593.67,100
595.44,100
595.67,100
598.0,100
598.77,100
600.86,100
601.16,100
601.48,100
601.74,100
601.96,100
606.31,100
606.59,100
606.88,100
607.37,100
609.15,100
610.3,100
611.78,100
612.06,100
612.44,100
613.09,100
613.82,100
614.27,100
614.27,200
689.05,100
689.98,100
691.16,100
696.56,100
698.35,100
698.62,100
698.98,100
699.25,100
701.07,100
703.8,100
707.54,100
707.87,100
708.36,100
709.14,100
709.89,100
710.1,100
710.37,100
710.78,100
711.26,100
711.57,100
713.53,100
714.67,100
715.1,100
716.47,100
717.17,100
717.17,200
763.19,100
805.26,100
810.15,100
816.14,100
816.68,100
816.98,100
817.24,100
819.02,100
819.22,100
819.53,100
819.79,100
821.74,100
823.17,100
824.47,100
826.72,100
827.07,100
827.37,100
827.77,100
828.11,100
828.45,100
829.85,100
830.1,100
830.96,100
831.36,100
832.04,100
832.3,100
834.73,100
834.73,200
920.01,100
920.32,100
920.61,100
924.43,100
924.74,100
925.01,100
925.49,100
926.13,100
926.77,100
927.12,100
927.76,100
929.23,100
931.72,100
932.35,100
932.69,100
933.0,100
934.49,100
934.74,100
935.47,100
935.82,100
936.5,100
938.24,100
938.82,100
939.31,100
941.54,100
941.91,100
942.34,100
942.53,100
943.08,100
943.08,200
1014.91,100
1035.25,100
1038.68,100
1041.73,100
1042.16,100
1042.48,100
1042.88,100
1043.42,100
1045.53,100
1045.74,100
1046.06,100
1046.6,100
1048.13,100
1048.4,100
1050.43,100
1050.66,100
1051.03,100
1051.7,100
1053.59,100
1054.17,100
1054.39,100
1054.85,100
1059.01,100
1059.79,100
1060.19,100
1061.82,100
1062.9,100
1064.85,100
1065.32,100
1065.75,100
1066.48,100
1066.48,200
0.0,0
1.17,100
1.17,200
3.06,100
3.66,100
4.07,100
4.07,200
6.66,100
6.96,100
7.4,100
10.51,100
10.85,100
10.85,200
20.37,100
21.27,100
21.55,100
21.96,100
23.51,100
23.69,100
24.3,100
24.3,200
34.52,100
36.14,100
36.56,100
37.86,100
38.58,100
39.3,100
40.08,100
40.45,100
41.28,100
41.28,200
78.21,100
78.47,100
78.7,100
80.22,100
80.77,100
81.63,100
82.31,100
82.61,100
83.37,100
83.84,100
85.48,100
85.48,200
150.12,100
153.32,100
153.54,100
153.87,100
154.32,100
155.82,100
156.12,100
156.53,100
156.9,100
157.75,100
158.18,100
159.72,100
161.92,100
161.92,200
225.35,100
229.08,100
229.96,100
230.48,100
235.23,100
235.77,100
236.22,100
237.03,100
238.93,100
240.64,100
240.9,100
241.57,100
243.23,100
243.69,100
244.17,100
244.17,200
293.06,100
293.39,100
293.62,100
295.86,100
296.93,100
298.84,100
301.24,100
302.05,100
302.52,100
302.83,100
302.93,100
304.03,100
304.24,100
306.51,100
307.32,100
307.86,100
309.68,100
309.68,200
393.59,100
393.82,100
396.44,100
397.11,100
400.97,100
401.42,100
401.88,100
404.69,100
405.03,100
405.35,100
406.2,100
408.41,100
409.22,100
409.83,100
410.27,100
410.73,100
411.85,100
412.34,100
413.07,100
413.07,200
484.11,100
493.57,100
494.06,100
497.83,100
498.13,100
498.4,100
498.69,100
500.44,100
500.7,100
501.18,100
501.57,100
503.05,100
503.28,100
503.84,100
505.46,100
506.24,100
507.37,100
508.0,100
508.66,100
508.9,100
510.64,100
510.64,200
599.53,100
604.04,100
606.4,100
607.79,100
611.53,100
611.75,100
612.36,100
615.08,100
615.58,100
618.0,100
623.03,100
623.75,100
624.28,100
624.66,100
625.44,100
630.64,100
631.08,100
631.93,100
634.02,100
634.96,100
635.55,100
637.17,100
638.31,100
638.31,200
638.48,100
705.75,100
706.65,100
708.62,100
711.68,100
715.44,100
718.04,100
719.3,100
722.64,100
722.97,100
723.18,100
723.71,100
724.05,100
729.02,100
729.79,100
732.21,100
735.03,100
735.66,100
739.67,100
740.66,100
741.47,100
742.93,100
743.1,100
746.32,100
746.79,100
746.79,200
0.0,0
4.77,100
4.77,200
6.86,100
7.82,100
9.76,100
9.76,200
14.47,100
14.72,100
17.44,100
17.84,100
18.98,100
18.98,200
50.51,100
53.88,100
54.03,100
54.91,100
55.99,100
59.61,100
59.93,100
59.93,200
62.28,100
62.67,100
62.94,100
67.12,100
67.46,100
67.98,100
69.59,100
71.14,100
71.55,100
71.55,200
145.14,100
145.77,100
147.63,100
147.94,100
148.95,100
149.68,100
151.13,100
151.42,100
151.97,100
152.35,100
152.8,100
152.8,200
179.37,100
198.7,100
203.81,100
204.36,100
204.93,100
206.02,100
207.24,100
207.5,100
208.07,100
208.78,100
209.51,100
210.18,100
210.6,100
210.6,200
210.9,100
259.8,100
260.36,100
260.82,100
264.1,100
264.26,100
267.77,100
268.26,100
268.4,100
268.75,100
269.12,100
271.07,100
271.67,100
272.1,100
273.9,100
273.9,200
336.95,100
340.12,100
340.31,100
340.98,100
342.38,100
344.19,100
344.55,100
346.28,100
347.2,100
348.7,100
351.42,100
352.07,100
352.52,100
353.23,100
354.75,100
355.33,100
355.87,100
355.87,200
394.52,100
429.92,100
434.65,100
434.88,100
435.31,100
435.85,100
441.93,100
442.4,100
443.0,100
443.72,100
445.15,100
445.43,100
445.73,100
447.67,100
448.34,100
449.27,100
449.69,100
450.09,100
451.16,100
451.16,200
519.51,100
523.03,100
523.88,100
524.36,100
525.71,100
527.99,100
528.3,100
528.69,100
528.89,100
529.17,100
530.0,100
530.38,100
531.2,100
531.87,100
532.19,100
534.28,100
534.7,100
536.06,100
536.46,100
536.93,100
537.53,100
537.53,200
599.42,100
619.94,100
620.43,100
621.4,100
623.21,100
623.57,100
629.1,100
630.45,100
631.08,100
631.5,100
632.38,100
634.92,100
635.25,100
635.81,100
636.74,100
637.81,100
638.31,100
640.27,100
640.65,100
641.22,100
641.58,100
643.37,100
643.83,100
643.83,200
701.79,100
712.62,100
715.84,100
719.24,100
720.32,100
721.18,100
723.7,100
725.48,100
725.68,100
726.29,100
726.81,100
727.53,100
730.72,100
731.11,100
731.98,100
732.67,100
733.18,100
734.58,100
736.19,100
736.4,100
736.79,100
737.41,100
738.53,100
739.11,100
739.56,100
739.56,200
798.97,100
801.34,100
810.97,100
837.74,100
843.56,100
845.03,100
847.62,100
848.08,100
848.82,100
850.07,100
850.55,100
854.64,100
855.11,100
856.5,100
857.2,100
857.93,100
859.1,100
860.9,100
861.28,100
863.34,100
866.37,100
869.03,100
869.27,100
873.79,100
874.72,100
875.15,100
883.19,100
883.19,200
973.06,100
978.96,100
982.18,100
982.41,100
983.52,100
984.7,100
985.1,100
985.41,100
987.88,100
988.25,100
990.08,100
990.43,100
990.75,100
991.15,100
991.61,100
991.82,100
993.47,100
993.85,100
994.55,100
996.42,100
997.14,100
999.14,100
999.55,100
1000.06,100
1001.4,100
1002.88,100
1003.33,100
1004.17,100
1006.77,100
1006.77,200
0.0,0
2.93,100
2.93,200
5.28,100
5.74,100
8.7,100
8.7,200
11.36,100
12.92,100
13.68,100
14.48,100
17.25,100
17.25,200
23.3,100
32.38,100
33.83,100
33.97,100
34.38,100
34.9,100
35.95,100
35.95,200
78.4,100
78.62,100
80.08,100
81.18,100
81.73,100
83.28,100
83.67,100
84.01,100
84.44,100
84.44,200
121.33,100
122.25,100
123.58,100
124.83,100
125.15,100
125.57,100
126.78,100
127.65,100
129.27,100
130.79,100
131.2,100
131.2,200
181.54,100
181.99,100
183.35,100
184.05,100
184.8,100
186.07,100
186.86,100
187.27,100
188.82,100
189.24,100
191.99,100
192.44,100
192.66,100
192.66,200
259.95,100
262.25,100
262.83,100
263.05,100
264.66,100
265.48,100
266.21,100
266.57,100
268.34,100
268.76,100
270.37,100
272.47,100
272.88,100
273.36,100
274.24,100
274.24,200
274.4,100
306.39,100
324.43,100
326.97,100
327.38,100
329.25,100
329.75,100
330.51,100
332.25,100
332.61,100
334.51,100
336.05,100
336.28,100
336.66,100
337.13,100
338.59,100
338.77,100
338.77,200
412.63,100
417.96,100
419.32,100
453.51,100
458.46,100
460.44,100
461.3,100
462.51,100
463.95,100
464.36,100
466.14,100
466.78,100
467.24,100
468.72,100
469.13,100
469.44,100
469.95,100
470.46,100
471.3,100
471.3,200
531.54,100
533.13,100
535.24,100
538.67,100
538.92,100
539.22,100
539.81,100
541.15,100
541.36,100
542.87,100
543.7,100
544.24,100
544.61,100
545.36,100
546.4,100
547.1,100
548.99,100
549.22,100
549.55,100
550.13,100
550.7,100
550.7,200
595.18,100
597.8,100
599.55,100
601.11,100
603.46,100
605.39,100
606.06,100
609.17,100
613.02,100
613.51,100
613.9,100
614.55,100
615.41,100
615.79,100
616.04,100
616.51,100
617.1,100
619.51,100
619.76,100
620.17,100
622.12,100
624.79,100
625.41,100
625.41,200
729.62,100
733.28,100
733.8,100
737.52,100
737.68,100
738.11,100
741.03,100
741.16,100
742.41,100
742.79,100
744.34,100
744.54,100
745.14,100
745.64,100
748.13,100
748.48,100
748.78,100
749.3,100
750.28,100
751.98,100
752.33,100
753.04,100
753.69,100
753.95,100
754.41,100
754.41,200
754.59,100
805.42,100
805.81,100
817.59,100
820.83,100
823.11,100
823.48,100
826.34,100
826.71,100
830.68,100
830.96,100
831.31,100
831.58,100
833.77,100
833.91,100
834.28,100
834.41,100
834.71,100
835.15,100
836.68,100
838.5,100
838.7,100
838.97,100
839.76,100
840.79,100
841.18,100
841.61,100
841.61,200
841.78,100
911.83,100
912.1,100
937.26,100
937.58,100
937.91,100
940.86,100
942.39,100
942.79,100
943.35,100
944.25,100
944.68,100
947.51,100
947.87,100
948.54,100
950.08,100
953.16,100
953.94,100
954.74,100
955.2,100
956.26,100
956.74,100
957.19,100
957.95,100
958.77,100
959.98,100
960.46,100
960.79,100
961.43,100
961.43,200
1008.95,100
1018.74,100
1023.45,100
1028.23,100
1034.95,100
1044.26,100
1045.91,100
1047.13,100
1047.71,100
1048.27,100
1050.01,100
1050.43,100
1051.8,100
1052.0,100
1052.63,100
1055.03,100
1055.58,100
1056.0,100
1056.91,100
1057.27,100
1057.89,100
1058.29,100
1061.1,100
1061.37,100
1062.4,100
1063.97,100
1064.38,100
1067.22,100
1067.59,100
1068.29,100
1068.69,100
1068.69,200
1106.97,100
1107.94,100
1109.73,100
1110.01,100
1112.93,100
1116.93,100
1117.37,100
1125.03,100
1125.37,100
1129.88,100
1130.44,100
1136.1,100
1136.33,100
1136.75,100
1137.64,100
1138.5,100
1139.64,100
1141.67,100
1142.2,100
1142.99,100
1143.91,100
1144.39,100
1144.92,100
1145.52,100
1147.71,100
1148.06,100
1148.2,100
1148.92,100
1149.25,100
1151.49,100
1151.87,100
1152.4,100
1152.62,100
1152.62,200
1218.82,100
1219.33,100
1222.44,100
1223.05,100
1228.72,100
1229.79,100
1235.47,100
1236.01,100
1240.66,100
1240.91,100
1242.47,100
1242.85,100
1243.37,100
1243.88,100
1244.42,100
1244.81,100
1246.57,100
1246.98,100
1247.53,100
1248.1,100
1248.42,100
1248.9,100
1249.26,100
1249.72,100
1251.63,100
1251.9,100
1252.05,100
1252.47,100
1253.39,100
1254.31,100
1255.25,100
1255.84,100
1256.31,100
1256.89,100
1258.23,100
1258.23,200
1324.06,100
1442.19,100
0.0,0
1.35,100
1.35,200
4.33,100
4.99,100
5.8,100
5.8,200
6.19,100
17.04,100
17.34,100
18.21,100
18.26,100
18.26,200
40.41,100
41.23,100
43.68,100
44.78,100
45.58,100
50.55,100
50.93,100
50.93,200
91.72,100
94.69,100
94.86,100
95.83,100
96.6,100
97.0,100
98.39,100
98.63,100
99.9,100
99.9,200
186.08,100
186.35,100
187.42,100
188.0,100
188.54,100
188.77,100
189.95,100
190.13,100
191.52,100
192.36,100
193.18,100
193.18,200
239.45,100
242.72,100
243.15,100
243.86,100
244.33,100
245.2,100
245.45,100
245.83,100
246.21,100
248.46,100
248.95,100
249.4,100
250.92,100
250.92,200
304.04,100
304.24,100
307.02,100
309.11,100
310.04,100
311.35,100
311.63,100
312.69,100
314.68,100
315.03,100
315.45,100
316.72,100
316.87,100
318.11,100
319.86,100
319.86,200
375.22,100
376.64,100
378.98,100
381.28,100
381.46,100
382.01,100
382.79,100
382.98,100
384.3,100
386.07,100
387.25,100
388.06,100
388.31,100
390.7,100
391.53,100
391.81,100
393.36,100
393.36,200
454.28,100
455.65,100
458.2,100
462.01,100
462.31,100
462.67,100
464.98,100
466.5,100
466.85,100
468.43,100
468.77,100
469.33,100
470.09,100
470.36,100
471.16,100
471.48,100
472.15,100
474.45,100
475.01,100
475.01,200
550.06,100
550.63,100
552.11,100
554.49,100
554.78,100
555.14,100
556.84,100
559.31,100
559.75,100
560.46,100
560.94,100
562.69,100
563.39,100
563.66,100
564.03,100
564.57,100
566.73,100
567.15,100
567.9,100
568.3,100
570.16,100
570.16,200
614.92,100
621.24,100
621.44,100
622.55,100
623.15,100
629.39,100
629.6,100
632.87,100
633.35,100
634.64,100
634.99,100
635.2,100
635.42,100
637.18,100
638.26,100
639.0,100
639.39,100
639.88,100
640.09,100
640.62,100
641.17,100
641.54,100
642.01,100
642.01,200
720.93,100
721.25,100
721.82,100
726.13,100
726.42,100
726.69,100
727.4,100
728.7,100
729.12,100
729.49,100
730.28,100
730.95,100
731.53,100
731.68,100
732.14,100
732.41,100
733.25,100
735.5,100
735.95,100
738.54,100
739.18,100
739.57,100
740.14,100
740.59,100
741.13,100
741.13,200
823.55,100
840.28,100
845.25,100
846.85,100
848.5,100
848.98,100
850.9,100
851.13,100
851.34,100
851.54,100
853.24,100
853.76,100
853.97,100
855.93,100
856.31,100
856.78,100
857.0,100
857.34,100
857.87,100
858.21,100
859.19,100
861.66,100
862.7,100
862.98,100
863.34,100
864.58,100
865.43,100
865.43,200
899.4,100
902.92,100
903.85,100
921.11,100
921.9,100
931.54,100
936.24,100
940.84,100
941.0,100
941.71,100
943.41,100
945.04,100
945.26,100
947.34,100
947.72,100
952.29,100
953.13,100
954.66,100
957.49,100
957.73,100
958.03,100
959.36,100
959.74,100
960.04,100
960.41,100
963.28,100
963.91,100
965.26,100
966.6,100
966.6,200
1026.99,100
1027.19,100
1034.22,100
1035.55,100
1035.96,100
1036.29,100
1038.93,100
1039.13,100
1039.4,100
1040.67,100
1043.95,100
1047.83,100
1053.39,100
1053.9,100
1054.4,100
1055.6,100
1055.85,100
1058.49,100
1059.07,100
1059.42,100
1059.7,100
1059.96,100
1061.68,100
1061.92,100
1062.19,100
1062.67,100
1064.14,100
1064.61,100
1065.0,100
1067.04,100
1067.27,100
1067.27,200
1116.14,100
1118.44,100
1124.48,100
1124.71,100
1127.38,100
1130.24,100
1133.38,100
1136.33,100
1136.6,100
1137.54,100
1138.53,100
1139.26,100
1140.28,100
1142.26,100
1142.58,100
1143.33,100
1143.62,100
1144.04,100
1144.4,100
1145.0,100
1145.19,100
1147.23,100
1149.09,100
1149.57,100
1149.9,100
1150.35,100
1150.72,100
1151.16,100
1152.95,100
1153.34,100
1153.61,100
1154.09,100
1154.37,100
1154.37,200
1233.51,100
1234.34,100
1235.36,100
1237.76,100
1238.21,100
1241.35,100
1244.77,100
1248.07,100
1248.86,100
1249.67,100
1253.09,100
1254.47,100
1254.66,100
1255.43,100
1258.2,100
1258.47,100
1259.64,100
1259.96,100
1260.26,100
1261.05,100
1261.44,100
1261.64,100
1262.78,100
1264.38,100
1264.7,100
1265.25,100
1265.49,100
1265.84,100
1266.87,100
1267.31,100
1267.61,100
1270.0,100
1270.67,100
1270.95,100
1272.08,100
1272.08,200
1272.23,100
1346.91,100
1358.68,100
1368.94,100
1370.19,100
1371.81,100
1373.5,100
1374.88,100
1375.34,100
1375.74,100
1378.32,100
1380.76,100
1381.07,100
1381.72,100
1382.89,100
1383.44,100
1383.75,100
1384.27,100
1384.44,100
1384.93,100
1385.43,100
1387.36,100
1389.32,100
1396.02,100
1396.82,100
1400.29,100
1401.85,100
1402.89,100
1404.33,100
1404.94,100
1405.4,100
1406.02,100
1406.51,100
1407.03,100
1407.51,100
1409.57,100
1409.95,100
1409.95,200
0.0,0
3.02,100
3.02,200
5.71,100
8.33,100
9.94,100
9.94,200
21.74,100
22.31,100
22.67,100
23.65,100
26.25,100
26.25,200
51.03,100
53.17,100
53.9,100
54.57,100
54.98,100
55.38,100
55.84,100
55.84,200
99.69,100
102.87,100
103.98,100
104.26,100
104.6,100
106.37,100
106.55,100
107.03,100
107.31,100
107.31,200
164.12,100
164.9,100
167.01,100
167.46,100
167.8,100
168.66,100
169.2,100
169.82,100
170.0,100
170.4,100
172.18,100
172.18,200
251.13,100
251.96,100
252.3,100
253.04,100
255.01,100
255.51,100
255.8,100
256.33,100
257.27,100
258.18,100
258.4,100
258.75,100
260.61,100
260.61,200
300.89,100
301.2,100
303.54,100
303.82,100
304.24,100
305.49,100
305.76,100
306.08,100
307.08,100
307.85,100
308.63,100
308.94,100
309.47,100
309.81,100
310.4,100
310.4,200
359.36,100
362.15,100
364.09,100
364.57,100
365.89,100
366.19,100
367.15,100
369.2,100
369.67,100
370.05,100
370.54,100
370.99,100
371.38,100
371.76,100
372.2,100
373.89,100
374.75,100
374.75,200
443.78,100
445.75,100
447.51,100
447.92,100
448.32,100
448.62,100
450.65,100
450.98,100
451.54,100
453.39,100
453.79,100
454.31,100
454.79,100
455.78,100
456.22,100
456.84,100
458.92,100
459.19,100
459.98,100
459.98,200
502.49,100
504.69,100
504.89,100
508.07,100
508.3,100
508.67,100
512.37,100
512.74,100
512.98,100
514.39,100
514.76,100
515.23,100
517.51,100
517.77,100
518.27,100
518.94,100
519.41,100
521.48,100
522.66,100
523.16,100
525.18,100
525.18,200
573.14,100
574.46,100
662.5,100
663.16,100
664.08,100
664.44,100
666.61,100
667.13,100
670.08,100
672.32,100
674.45,100
674.84,100
678.0,100
678.56,100
678.87,100
679.31,100
680.02,100
681.44,100
682.01,100
682.51,100
682.86,100
683.29,100
683.88,100
683.88,200
735.94,100
737.95,100
739.05,100
743.79,100
745.16,100
747.38,100
747.86,100
748.3,100
749.28,100
752.24,100
752.8,100
753.03,100
754.72,100
755.22,100
755.63,100
755.83,100
756.46,100
756.94,100
757.91,100
758.34,100
758.57,100
759.67,100
759.97,100
760.48,100
761.11,100
761.11,200
846.63,100
847.28,100
847.63,100
851.46,100
851.85,100
852.21,100
854.65,100
854.91,100
857.86,100
862.45,100
863.05,100
864.39,100
866.5,100
870.41,100
870.62,100
871.45,100
872.1,100
872.46,100
872.83,100
873.19,100
873.49,100
873.9,100
874.3,100
874.77,100
875.25,100
878.13,100
878.5,100
878.5,200
907.31,100
909.61,100
912.75,100
913.57,100
915.87,100
919.2,100
925.28,100
927.68,100
928.09,100
928.96,100
935.39,100
935.79,100
937.34,100
943.26,100
943.9,100
944.24,100
945.2,100
946.5,100
947.59,100
948.44,100
950.61,100
951.08,100
952.54,100
953.05,100
954.29,100
957.36,100
957.87,100
960.28,100
960.83,100
960.83,200
1036.05,100
1041.79,100
1066.78,100
1067.87,100
1070.16,100
1073.43,100
1074.09,100
1076.32,100
1076.69,100
1077.09,100
1077.77,100
1078.58,100
1078.93,100
1079.35,100
1079.62,100
1082.28,100
1082.71,100
1083.22,100
1084.96,100
1085.58,100
1086.62,100
1087.19,100
1091.01,100
1091.64,100
1091.93,100
1092.77,100
1094.17,100
1094.53,100
1094.97,100
1095.2,100
1095.47,100
1095.47,200
1173.78,100
1177.06,100
1196.3,100
1199.37,100
1199.65,100
1204.06,100
1209.68,100
1210.86,100
1215.2,100
1215.74,100
1216.07,100
1216.66,100
1218.93,100
1219.66,100
1220.33,100
1223.0,100
1223.59,100
1224.14,100
1225.75,100
1226.4,100
1227.36,100
1230.68,100
1231.26,100
1232.38,100
1232.93,100
1233.34,100
1233.85,100
1235.47,100
1235.85,100
1236.27,100
1238.78,100
1239.11,100
1239.58,100
1239.58,200
0.0,0
1.35,100
1.35,200
3.32,100
3.65,100
4.51,100
4.51,200
7.06,100
7.34,100
9.34,100
9.71,100
10.5,100
10.5,200
10.93,100
19.71,100
20.26,100
21.28,100
22.01,100
23.74,100
24.02,100
24.02,200
45.13,100
47.44,100
47.68,100
48.07,100
50.08,100
50.71,100
52.48,100
54.25,100
54.94,100
54.94,200
103.53,100
105.6,100
106.65,100
106.96,100
107.28,100
108.12,100
108.52,100
111.07,100
111.48,100
112.15,100
112.53,100
112.53,200
177.21,100
177.87,100
180.69,100
181.77,100
182.16,100
182.89,100
184.04,100
184.34,100
184.62,100
185.05,100
185.43,100
185.64,100
185.99,100
185.99,200
235.93,100
236.7,100
240.2,100
241.65,100
243.72,100
244.04,100
244.35,100
244.69,100
245.02,100
245.81,100
246.51,100
247.17,100
247.63,100
248.44,100
250.42,100
250.42,200
298.09,100
300.91,100
301.69,100
305.14,100
305.66,100
310.39,100
310.76,100
314.11,100
314.94,100
316.75,100
317.06,100
317.48,100
317.74,100
318.03,100
319.46,100
319.95,100
320.93,100
320.93,200
412.46,100
413.19,100
414.44,100
416.2,100
418.04,100
418.21,100
418.92,100
419.69,100
421.14,100
421.38,100
421.75,100
422.16,100
422.51,100
423.54,100
424.59,100
425.21,100
425.92,100
426.44,100
428.03,100
428.03,200
472.19,100
476.84,100
480.7,100
481.56,100
482.01,100
485.12,100
485.75,100
486.04,100
486.32,100
488.2,100
488.55,100
489.38,100
489.92,100
492.33,100
492.83,100
493.76,100
495.63,100
496.1,100
496.51,100
497.13,100
497.52,100
497.52,200
497.71,100
558.17,100
564.89,100
565.33,100
568.17,100
570.0,100
570.22,100
570.73,100
571.47,100
573.45,100
575.18,100
575.65,100
578.32,100
578.71,100
579.55,100
581.81,100
582.02,100
582.71,100
583.08,100
583.41,100
583.81,100
584.8,100
586.41,100
586.41,200
654.28,100
655.63,100
662.62,100
667.92,100
668.42,100
668.86,100
669.58,100
671.2,100
673.73,100
673.97,100
674.23,100
674.98,100
676.78,100
677.81,100
678.48,100
678.98,100
680.87,100
681.28,100
681.9,100
682.84,100
683.68,100
684.07,100
684.37,100
684.73,100
685.14,100
685.14,200
714.32,100
726.97,100
729.59,100
739.47,100
744.64,100
749.59,100
749.92,100
750.21,100
753.26,100
753.53,100
754.28,100
756.04,100
756.59,100
757.15,100
758.69,100
759.28,100
760.22,100
761.68,100
762.09,100
762.36,100
763.39,100
763.78,100
765.79,100
766.2,100
766.48,100
766.78,100
767.45,100
767.45,200
827.9,100
857.48,100
858.28,100
859.14,100
859.87,100
864.49,100
864.79,100
870.55,100
870.9,100
871.29,100
871.69,100
874.03,100
877.4,100
877.78,100
878.49,100
880.64,100
881.11,100
881.53,100
882.28,100
884.96,100
885.37,100
885.64,100
888.35,100
888.82,100
889.28,100
889.83,100
891.9,100
892.34,100
894.46,100
894.46,200
982.39,100
990.25,100
995.61,100
996.13,100
998.56,100
999.08,100
1003.59,100
1006.13,100
1006.39,100
1006.7,100
1006.99,100
1008.22,100
1009.69,100
1010.02,100
1010.31,100
1010.7,100
1012.39,100
1013.17,100
1014.12,100
1017.13,100
1017.5,100
1017.72,100
1018.25,100
1021.29,100
1021.6,100
1022.11,100
1022.69,100
1024.43,100
1024.85,100
1026.26,100
1028.72,100
1028.72,200
1059.93,100
1079.72,100
1082.55,100
1086.12,100
1093.48,100
1094.52,100
1097.13,100
1097.72,100
1098.85,100
1099.48,100
1101.3,100
1102.01,100
1102.53,100
1103.78,100
1104.55,100
1104.85,100
1106.04,100
1107.86,100
1108.22,100
1109.41,100
1110.34,100
1111.69,100
1112.26,100
1114.96,100
1115.32,100
1115.69,100
1116.87,100
1118.21,100
1118.67,100
1118.9,100
1119.31,100
1119.72,100
1120.02,100
1120.02,200
1180.34,100
1190.06,100
1204.13,100
1204.61,100
0.0,0
3.01,100
3.01,200
5.5,100
6.12,100
7.38,100
7.38,200
14.86,100
16.7,100
17.05,100
18.78,100
20.75,100
20.75,200
29.51,100
31.05,100
31.53,100
31.94,100
33.3,100
35.29,100
35.76,100
35.76,200
102.49,100
102.87,100
104.25,100
104.52,100
104.97,100
106.28,100
106.99,100
107.55,100
108.04,100
108.04,200
156.75,100
157.8,100
158.39,100
158.88,100
159.27,100
162.12,100
162.54,100
163.14,100
163.47,100
164.94,100
165.7,100
165.7,200
165.89,100
210.56,100
211.13,100
211.62,100
214.53,100
216.34,100
216.48,100
216.83,100
217.51,100
218.59,100
218.64,100
218.96,100
219.81,100
219.81,200
298.78,100
299.28,100
300.5,100
300.75,100
302.23,100
302.52,100
302.88,100
303.39,100
304.09,100
304.61,100
304.98,100
305.74,100
306.12,100
306.32,100
306.83,100
306.83,200
350.79,100
351.96,100
353.37,100
353.8,100
356.0,100
356.42,100
356.67,100
357.07,100
357.52,100
358.62,100
359.04,100
359.21,100
359.62,100
360.71,100
361.54,100
362.02,100
363.72,100
363.72,200
413.48,100
414.63,100
418.2,100
418.64,100
419.09,100
419.36,100
420.15,100
420.53,100
420.93,100
421.16,100
422.92,100
423.2,100
423.55,100
425.03,100
425.38,100
425.69,100
426.09,100
426.58,100
428.61,100
428.61,200
472.2,100
478.32,100
480.52,100
483.41,100
485.38,100
485.6,100
486.14,100
486.5,100
487.36,100
487.53,100
487.84,100
488.33,100
490.9,100
491.12,100
491.57,100
492.22,100
492.98,100
493.21,100
493.44,100
494.02,100
494.84,100
494.84,200
547.65,100
551.33,100
552.48,100
554.0,100
557.24,100
557.56,100
558.24,100
560.93,100
561.27,100
561.63,100
561.96,100
563.62,100
564.36,100
565.16,100
567.0,100
567.68,100
568.55,100
569.01,100
569.38,100
570.5,100
570.85,100
571.25,100
571.46,100
571.46,200
648.9,100
650.62,100
652.11,100
653.21,100
655.79,100
656.04,100
656.44,100
656.8,100
659.04,100
660.74,100
660.96,100
661.29,100
662.01,100
663.66,100
664.05,100
664.64,100
664.95,100
665.73,100
668.83,100
669.16,100
669.53,100
670.03,100
670.62,100
671.97,100
672.29,100
672.29,200
0.0,0
4.92,100
4.92,200
8.01,100
9.84,100
12.85,100
12.85,200
17.98,100
18.43,100
18.9,100
19.8,100
19.93,100
19.93,200
68.12,100
68.64,100
68.8,100
69.77,100
70.58,100
70.96,100
72.73,100
72.73,200
118.0,100
119.49,100
120.61,100
121.05,100
121.62,100
123.01,100
123.58,100
124.34,100
125.91,100
125.91,200
162.78,100
164.71,100
164.91,100
165.4,100
166.06,100
166.37,100
166.73,100
167.77,100
168.22,100
169.14,100
169.62,100
169.62,200
210.75,100
211.58,100
212.11,100
213.53,100
214.15,100
215.73,100
216.02,100
216.55,100
216.85,100
217.48,100
218.68,100
218.99,100
219.53,100
219.53,200
280.81,100
281.16,100
282.77,100
283.76,100
285.85,100
286.17,100
288.95,100
290.45,100
290.75,100
291.08,100
291.8,100
292.75,100
294.5,100
296.93,100
297.6,100
297.6,200
359.33,100
364.2,100
365.92,100
367.06,100
369.74,100
370.42,100
370.82,100
373.76,100
376.27,100
376.58,100
377.45,100
377.73,100
378.86,100
379.75,100
380.16,100
380.6,100
381.19,100
381.19,200
434.93,100
444.49,100
445.56,100
447.34,100
447.94,100
450.1,100
450.31,100
451.05,100
452.19,100
452.7,100
452.95,100
455.61,100
456.17,100
457.79,100
458.04,100
458.6,100
458.89,100
459.29,100
461.99,100
461.99,200
507.68,100
510.02,100
512.05,100
562.65,100
562.97,100
563.53,100
566.71,100
567.49,100
567.76,100
573.11,100
573.69,100
574.14,100
574.5,100
574.78,100
577.91,100
579.16,100
580.07,100
581.86,100
582.03,100
582.33,100
583.55,100
583.55,200
616.81,100
621.13,100
628.36,100
631.59,100
632.87,100
634.86,100
635.06,100
635.95,100
637.8,100
639.54,100
639.81,100
640.72,100
641.55,100
642.59,100
643.19,100
644.96,100
645.21,100
646.2,100
647.68,100
648.37,100
648.73,100
648.99,100
650.95,100
650.95,200
651.21,100
712.18,100
722.45,100
725.32,100
726.77,100
728.91,100
729.22,100
729.72,100
731.18,100
732.12,100
733.0,100
734.29,100
734.57,100
735.31,100
735.63,100
736.12,100
736.67,100
738.31,100
738.74,100
739.03,100
739.31,100
740.98,100
741.38,100
741.67,100
742.54,100
742.54,200
788.94,100
794.27,100
798.06,100
798.31,100
801.66,100
805.82,100
806.07,100
814.36,100
814.74,100
815.67,100
816.84,100
817.14,100
817.52,100
817.68,100
818.2,100
819.48,100
819.74,100
820.64,100
821.14,100
821.51,100
822.16,100
823.45,100
824.51,100
825.08,100
827.15,100
827.6,100
827.8,100
827.8,200
878.56,100
880.79,100
881.43,100
886.79,100
889.2,100
889.6,100
899.79,100
902.36,100
904.2,100
904.47,100
907.06,100
907.29,100
907.69,100
909.68,100
909.9,100
910.28,100
911.13,100
911.42,100
913.9,100
915.04,100
915.25,100
915.69,100
916.64,100
917.75,100
918.07,100
918.66,100
919.3,100
919.56,100
919.8,100
919.8,200
972.78,100
987.11,100
1044.53,100
1047.39,100
1051.31,100
1061.06,100
1061.83,100
1063.88,100
1064.15,100
1070.64,100
1070.88,100
1073.05,100
1074.64,100
1074.93,100
1075.38,100
1075.85,100
1077.36,100
1077.78,100
1078.41,100
1078.82,100
1079.25,100
1081.13,100
1081.45,100
1082.07,100
1082.41,100
1083.05,100
1083.61,100
1084.41,100
1085.59,100
1085.99,100
1086.53,100
1086.53,200
1130.92,100
1133.94,100
1136.7,100
1139.55,100
1140.84,100
1149.92,100
1155.55,100
1161.02,100
1161.26,100
1161.76,100
1164.43,100
1167.01,100
1167.31,100
1168.6,100
1168.87,100
1169.1,100
1169.51,100
1170.8,100
1171.76,100
1172.27,100
1174.73,100
1174.95,100
1176.08,100
1178.03,100
1178.29,100
1179.8,100
1180.09,100
1180.71,100
1181.6,100
1183.37,100
1183.99,100
1185.03,100
1185.51,100
1185.51,200
1278.84,100
1283.44,100
1283.75,100
1286.43,100
1286.74,100
1287.97,100
1289.5,100
1289.75,100
1290.08,100
1290.54,100
1294.94,100
1296.5,100
1296.89,100
1298.53,100
1298.72,100
1302.92,100
1304.56,100
1304.91,100
1305.4,100
1306.36,100
1307.15,100
1307.68,100
1308.04,100
1308.93,100
1309.05,100
1310.86,100
1311.14,100
1311.43,100
1311.7,100
1312.6,100
1313.56,100
1314.47,100
1314.78,100
1315.12,100
1315.54,100
1315.54,200
1350.41,100
1352.75,100
1357.54,100
1359.53,100
1363.19,100
1363.47,100
1366.14,100
1366.54,100
1368.66,100
1369.31,100
1371.46,100
1373.32,100
1374.61,100
1374.88,100
1377.79,100
1378.04,100
1378.42,100
1379.42,100
1381.0,100
1381.16,100
1385.24,100
1389.57,100
1389.84,100
1390.28,100
1391.94,100
1392.72,100
1393.51,100
1394.31,100
1394.53,100
1394.91,100
1396.14,100
1396.39,100
1396.89,100
1397.57,100
1399.59,100
1400.32,100
1400.68,100
1400.68,200
1442.05,100
1447.65,100
1455.38,100
1455.89,100
1469.38,100
1472.09,100
1475.43,100
1476.23,100
1476.9,100
1478.06,100
1478.25,100
1478.47,100
1479.1,100
1479.51,100
1482.01,100
1482.32,100
1484.49,100
1484.69,100
1486.47,100
1488.79,100
1489.01,100
1489.46,100
1489.82,100
1490.26,100
1490.6,100
1492.33,100
1492.86,100
1493.35,100
1494.03,100
1494.33,100
1495.59,100
1495.88,100
1496.88,100
1497.04,100
1497.68,100
1499.44,100
1499.84,100
1500.23,100
1500.7,100
1500.7,200
0.0,0
3.13,100
3.13,200
7.08,100
7.41,100
9.05,100
9.05,200
18.62,100
19.06,100
19.84,100
20.02,100
20.84,100
20.84,200
40.71,100
41.14,100
42.08,100
42.31,100
43.4,100
43.69,100
44.14,100
44.14,200
109.6,100
110.44,100
111.05,100
111.57,100
111.79,100
112.14,100
112.76,100
113.15,100
113.7,100
113.7,200
149.4,100
151.57,100
151.76,100
152.52,100
152.82,100
153.28,100
153.91,100
154.41,100
154.7,100
155.54,100
155.9,100
155.9,200
193.09,100
193.46,100
195.17,100
195.37,100
196.53,100
196.78,100
197.57,100
198.28,100
198.91,100
199.28,100
199.88,100
201.23,100
201.56,100
201.56,200
245.62,100
248.21,100
248.37,100
249.21,100
249.95,100
250.13,100
250.81,100
251.36,100
253.06,100
253.18,100
253.93,100
254.39,100
254.66,100
255.4,100
255.45,100
255.45,200
314.06,100
315.85,100
316.31,100
316.51,100
320.62,100
321.28,100
322.48,100
323.96,100
324.16,100
325.04,100
325.79,100
326.28,100
326.74,100
327.23,100
327.76,100
328.59,100
328.98,100
328.98,200
415.84,100
418.55,100
420.04,100
420.63,100
421.07,100
421.52,100
423.37,100
423.64,100
424.05,100
424.57,100
425.28,100
425.75,100
426.18,100
426.8,100
427.27,100
427.55,100
429.28,100
430.36,100
430.6,100
430.6,200
462.14,100
473.58,100
473.98,100
478.51,100
479.06,100
479.73,100
480.5,100
481.28,100
481.86,100
482.64,100
484.66,100
484.77,100
485.32,100
485.93,100
486.32,100
487.07,100
487.81,100
488.26,100
488.63,100
489.88,100
491.05,100
491.05,200
545.25,100
546.85,100
549.28,100
549.55,100
550.03,100
550.41,100
552.04,100
553.0,100
554.81,100
555.02,100
556.39,100
557.13,100
560.68,100
561.53,100
562.18,100
563.25,100
563.53,100
564.01,100
564.42,100
565.33,100
567.2,100
567.46,100
567.76,100
567.76,200
611.01,100
613.48,100
614.74,100
621.25,100
621.51,100
623.89,100
624.24,100
625.24,100
628.12,100
628.6,100
632.83,100
633.05,100
633.5,100
636.09,100
637.16,100
639.78,100
639.97,100
640.35,100
640.6,100
640.96,100
641.38,100
644.08,100
646.57,100
646.77,100
647.22,100
647.22,200
684.86,100
733.73,100
733.96,100
737.5,100
737.87,100
738.42,100
739.35,100
740.61,100
741.26,100
741.64,100
742.27,100
742.88,100
744.62,100
744.91,100
745.23,100
746.64,100
747.32,100
750.53,100
750.87,100
751.56,100
752.12,100
752.58,100
753.65,100
754.01,100
754.42,100
757.89,100
758.8,100
758.8,200
783.41,100
787.92,100
788.59,100
791.45,100
797.32,100
799.79,100
805.57,100
805.77,100
806.01,100
806.71,100
808.67,100
812.6,100
812.85,100
813.34,100
814.49,100
814.71,100
814.94,100
817.59,100
817.88,100
818.19,100
818.85,100
819.82,100
820.37,100
821.04,100
821.4,100
822.46,100
824.99,100
825.14,100
825.48,100
825.48,200
857.22,100
858.32,100
928.48,100
929.79,100
930.24,100
982.99,100
984.83,100
986.38,100
1054.03,100
1062.42,100
1062.9,100
1063.15,100
1065.88,100
1066.35,100
1066.71,100
1068.44,100
1070.1,100
1070.51,100
1070.82,100
1071.53,100
1074.55,100
1074.85,100
1075.15,100
1075.39,100
1077.19,100
1077.6,100
1077.89,100
1078.83,100
1081.49,100
1081.9,100
1082.29,100
1082.29,200
0.0,0
4.01,100
4.01,200
6.85,100
7.66,100
7.97,100
7.97,200
11.52,100
13.06,100
13.4,100
13.71,100
15.02,100
15.02,200
28.21,100
28.5,100
29.35,100
29.6,100
30.05,100
30.64,100
31.11,100
31.11,200
39.73,100
40.71,100
40.96,100
42.2,100
42.46,100
43.28,100
43.52,100
44.31,100
44.9,100
44.9,200
59.97,100
60.23,100
61.34,100
62.11,100
62.9,100
64.54,100
64.85,100
65.14,100
65.38,100
65.76,100
66.2,100
66.2,200
105.77,100
106.31,100
106.93,100
107.66,100
108.0,100
108.74,100
108.98,100
109.31,100
109.74,100
110.2,100
110.85,100
112.84,100
113.35,100
113.35,200
178.82,100
179.59,100
181.09,100
182.87,100
183.45,100
183.75,100
184.21,100
185.1,100
185.37,100
185.65,100
186.07,100
186.42,100
186.77,100
187.29,100
189.2,100
189.2,200
226.88,100
228.49,100
228.85,100
229.68,100
230.15,100
230.56,100
231.65,100
231.89,100
232.09,100
232.38,100
232.68,100
234.14,100
234.48,100
235.31,100
237.1,100
237.45,100
237.78,100
237.78,200
320.53,100
323.34,100
324.09,100
326.54,100
328.17,100
329.64,100
330.38,100
330.54,100
330.94,100
332.09,100
332.4,100
332.74,100
333.1,100
335.97,100
336.18,100
336.49,100
336.99,100
337.33,100
337.64,100
337.64,200
393.76,100
399.17,100
399.64,100
401.49,100
403.24,100
404.38,100
406.12,100
406.43,100
406.76,100
407.0,100
407.37,100
408.4,100
408.94,100
409.43,100
409.87,100
411.99,100
412.62,100
413.99,100
414.4,100
414.89,100
415.53,100
415.53,200
465.4,100
465.53,100
470.08,100
472.54,100
474.1,100
474.59,100
474.82,100
475.27,100
475.87,100
477.01,100
477.39,100
479.22,100
479.52,100
480.13,100
480.51,100
481.65,100
482.02,100
482.34,100
483.21,100
484.91,100
485.23,100
485.81,100
486.14,100
486.14,200
526.13,100
527.46,100
527.72,100
537.51,100
540.29,100
543.66,100
545.52,100
545.81,100
546.23,100
547.5,100
547.87,100
548.69,100
550.18,100
550.39,100
551.86,100
552.11,100
552.47,100
552.82,100
554.28,100
554.58,100
555.2,100
557.0,100
557.29,100
557.63,100
558.27,100
558.27,200
591.45,100
595.55,100
597.31,100
598.53,100
599.24,100
601.11,100
604.43,100
604.79,100
605.75,100
639.33,100
640.1,100
641.02,100
642.71,100
643.67,100
644.88,100
645.79,100
646.2,100
647.81,100
648.05,100
648.46,100
648.78,100
649.71,100
650.08,100
651.59,100
652.79,100
653.2,100
653.37,100
653.37,200
685.5,100
688.57,100
689.77,100
691.49,100
693.81,100
723.11,100
753.26,100
754.49,100
754.8,100
757.91,100
758.51,100
758.86,100
759.5,100
763.68,100
764.11,100
764.36,100
764.67,100
765.08,100
765.36,100
766.49,100
768.96,100
769.22,100
769.89,100
770.28,100
770.62,100
771.2,100
771.95,100
772.39,100
774.02,100
774.02,200
807.79,100
808.5,100
809.8,100
812.77,100
813.88,100
830.0,100
830.63,100
831.05,100
831.36,100
831.94,100
833.93,100
834.18,100
835.26,100
835.6,100
837.7,100
837.91,100
838.23,100
838.7,100
839.42,100
840.11,100
840.57,100
840.74,100
840.98,100
841.38,100
843.56,100
843.73,100
844.28,100
844.77,100
845.82,100
846.18,100
846.55,100
846.55,200
881.76,100
882.98,100
885.98,100
886.27,100
887.06,100
890.11,100
895.96,100
896.14,100
896.43,100
897.18,100
899.14,100
903.09,100
904.13,100
904.49,100
905.12,100
907.72,100
908.04,100
908.21,100
908.58,100
909.88,100
910.36,100
910.96,100
911.62,100
914.04,100
914.33,100
915.25,100
915.51,100
915.94,100
916.32,100
917.84,100
918.31,100
919.63,100
919.91,100
919.91,200
964.6,100
967.17,100
970.14,100
971.91,100
972.96,100
978.72,100
981.78,100
982.03,100
982.42,100
982.47,100
984.05,100
986.99,100
987.89,100
988.29,100
990.19,100
992.57,100
992.92,100
993.13,100
993.48,100
994.23,100
995.92,100
996.16,100
998.86,100
999.11,100
999.45,100
999.73,100
1004.55,100
1004.87,100
1005.21,100
1006.56,100
1007.24,100
1008.09,100
1008.75,100
1009.14,100
1011.02,100
1011.02,200
1046.09,100
1048.63,100
1052.08,100
1053.9,100
1054.23,100
1056.47,100
1062.8,100
1063.0,100
1064.95,100
1070.71,100
1071.03,100
1071.85,100
1073.79,100
1075.55,100
1075.92,100
1076.26,100
1077.05,100
1077.66,100
1078.19,100
1081.29,100
1081.53,100
1081.81,100
1083.05,100
1083.87,100
1084.28,100
1086.93,100
1087.19,100
1087.53,100
1088.09,100
1089.12,100
1089.52,100
1089.73,100
1090.09,100
1090.5,100
1090.84,100
1093.23,100
1093.59,100
1093.59,200
1129.69,100
1131.14,100
1132.18,100
1132.61,100
1133.82,100
1146.94,100
1149.26,100
1150.87,100
1154.42,100
1154.73,100
1155.07,100
1155.31,100
1155.9,100
1159.63,100
1161.51,100
1164.26,100
1164.68,100
1169.44,100
1174.67,100
1174.84,100
1175.5,100
1175.99,100
1177.32,100
1177.81,100
1179.44,100
1179.66,100
1180.89,100
1183.11,100
1183.55,100
1183.91,100
1185.02,100
1185.81,100
1187.31,100
1187.84,100
1189.28,100
1189.47,100
1190.22,100
1192.76,100
1193.03,100
1193.03,200
1232.0,100
1232.17,100
1233.51,100
1234.94,100
1241.87,100
1242.1,100
1242.88,100
1250.28,100
1261.28,100
1261.64,100
1261.94,100
1264.85,100
1266.68,100
1270.39,100
1271.35,100
1271.74,100
1272.01,100
1274.29,100
1274.61,100
1274.9,100
1277.09,100
1277.47,100
1277.77,100
1278.49,100
1281.05,100
1281.28,100
1283.24,100
1283.72,100
1284.02,100
1284.82,100
1285.85,100
1287.76,100
1289.51,100
1289.85,100
1291.42,100
1292.54,100
1294.23,100
1294.65,100
1295.11,100
1295.45,100
1295.92,100
1295.92,200
1326.18,100
1328.2,100
1413.05,100
1413.23,100
1413.84,100
1415.33,100
1416.74,100
1421.94,100
1424.18,100
1427.45,100
1427.78,100
1430.12,100
1430.6,100
1432.15,100
1434.0,100
1437.14,100
1437.57,100
1437.84,100
1438.35,100
1440.62,100
1442.26,100
1442.88,100
1443.3,100
1443.63,100
1444.44,100
1444.8,100
1445.33,100
1445.81,100
1448.3,100
1448.68,100
1449.11,100
1449.92,100
1450.68,100
1450.85,100
1450.95,100
1451.98,100
1452.35,100
1453.2,100
1455.53,100
1455.87,100
1457.7,100
1457.96,100
1458.39,100
1458.39,200
1548.84,100
1554.89,100
1564.87,100
1565.48,100
1582.4,100
1586.09,100
1588.18,100
1589.9,100
1590.2,100
1591.18,100
1598.07,100
1602.14,100
1602.49,100
1608.44,100
1609.34,100
1609.66,100
1611.92,100
1614.23,100
1614.63,100
1614.97,100
1615.57,100
1617.29,100
1618.55,100
1618.84,100
1620.18,100
1620.59,100
1620.97,100
1622.92,100
1623.32,100
1623.53,100
1624.1,100
1624.89,100
1625.53,100
1626.09,100
1626.77,100
1627.17,100
1628.93,100
1629.31,100
1629.57,100
1630.11,100
1631.89,100
1632.95,100
1633.4,100
1634.63,100
1634.89,100
1634.89,200
0.0,0
6.96,100
6.96,200
9.29,100
9.52,100
9.92,100
9.92,200
11.83,100
12.07,100
13.19,100
14.34,100
15.29,100
15.29,200
15.75,100
19.57,100
20.07,100
21.12,100
21.71,100
22.18,100
22.53,100
22.53,200
22.65,100
37.55,100
38.39,100
38.61,100
39.49,100
39.92,100
40.68,100
42.58,100
44.05,100
44.05,200
51.02,100
52.22,100
52.61,100
52.84,100
53.84,100
54.47,100
55.37,100
55.97,100
57.33,100
57.51,100
57.86,100
57.86,200
76.17,100
76.61,100
77.32,100
77.6,100
77.8,100
78.32,100
78.93,100
79.95,100
80.25,100
80.67,100
82.98,100
83.33,100
83.67,100
83.67,200
92.47,100
93.44,100
94.25,100
94.66,100
95.01,100
95.25,100
95.63,100
99.17,100
99.47,100
99.84,100
100.1,100
104.71,100
107.38,100
107.79,100
108.88,100
108.88,200
222.63,100
224.29,100
225.58,100
225.88,100
226.11,100
226.22,100
227.24,100
227.52,100
227.75,100
227.96,100
228.49,100
229.35,100
229.64,100
230.88,100
231.27,100
231.85,100
232.35,100
232.35,200
233.17,100
233.43,100
234.06,100
234.67,100
235.02,100
235.47,100
237.12,100
237.52,100
238.8,100
239.07,100
240.14,100
240.57,100
310.0,100
313.81,100
314.36,100
316.34,100
316.79,100
320.15,100
323.52,100
323.52,200
373.53,100
376.58,100
376.84,100
377.05,100
379.8,100
379.97,100
380.38,100
380.77,100
382.74,100
383.8,100
384.18,100
384.62,100
386.15,100
386.37,100
387.0,100
389.19,100
389.55,100
389.9,100
390.12,100
391.39,100
392.2,100
392.2,200
444.67,100
448.05,100
452.48,100
453.87,100
454.72,100
455.29,100
458.48,100
461.37,100
461.58,100
461.88,100
462.43,100
463.97,100
465.82,100
466.15,100
466.73,100
467.03,100
468.3,100
468.98,100
469.5,100
469.85,100
472.27,100
472.56,100
473.87,100
473.87,200
539.99,100
540.94,100
543.72,100
544.31,100
580.35,100
580.58,100
586.67,100
586.96,100
587.25,100
587.83,100
588.56,100
589.03,100
589.39,100
589.92,100
591.36,100
591.66,100
592.2,100
593.4,100
593.86,100
594.31,100
594.92,100
595.63,100
596.52,100
596.81,100
597.2,100
597.2,200
641.48,100
686.14,100
691.25,100
691.69,100
692.64,100
694.26,100
697.37,100
697.52,100
697.8,100
698.18,100
698.53,100
699.59,100
700.05,100
700.35,100
700.97,100
701.3,100
701.7,100
702.02,100
702.36,100
702.76,100
703.16,100
703.5,100
703.9,100
704.33,100
704.88,100
705.51,100
705.87,100
705.87,200
742.99,100
744.55,100
745.6,100
752.05,100
755.18,100
755.45,100
755.66,100
757.19,100
757.71,100
758.01,100
758.5,100
758.98,100
759.6,100
760.07,100
761.6,100
761.75,100
762.62,100
763.11,100
763.78,100
764.58,100
764.86,100
765.31,100
765.77,100
767.15,100
767.43,100
769.54,100
769.95,100
770.38,100
770.7,100
770.7,200
828.3,100
875.78,100
902.59,100
910.49,100
910.85,100
912.84,100
913.48,100
916.12,100
916.41,100
916.73,100
917.09,100
918.51,100
918.89,100
919.84,100
921.88,100
922.15,100
922.57,100
923.73,100
924.09,100
924.45,100
924.75,100
925.07,100
925.32,100
926.19,100
926.62,100
926.86,100
927.52,100
929.47,100
929.78,100
930.11,100
930.68,100
930.68,200
984.27,100
985.04,100
987.9,100
990.14,100
991.82,100
993.38,100
999.18,100
999.43,100
999.96,100
1002.46,100
1002.93,100
1003.34,100
1007.01,100
1007.31,100
1007.61,100
1012.16,100
1016.03,100
1019.97,100
1024.16,100
1024.5,100
1024.79,100
1025.73,100
1026.58,100
1026.77,100
1027.13,100
1029.96,100
1030.27,100
1030.73,100
1030.91,100
1031.23,100
1032.69,100
1033.27,100
1033.5,100
1033.5,200
1095.74,100
1098.39,100
1099.55,100
1110.9,100
1114.92,100
1123.83,100
1124.16,100
1125.25,100
1126.27,100
1127.96,100
1128.28,100
1131.9,100
1132.44,100
1133.0,100
1135.9,100
1136.69,100
1144.76,100
1151.04,100
1151.34,100
1151.85,100
1152.17,100
1152.82,100
1154.03,100
1154.9,100
1156.48,100
1156.72,100
1157.08,100
1158.33,100
1159.15,100
1159.81,100
1160.18,100
1160.49,100
1163.25,100
1163.53,100
1163.84,100
1163.84,200
1196.09,100
1196.82,100
1200.49,100
1244.5,100
1253.58,100
1255.55,100
1257.77,100
1258.05,100
1258.6,100
1259.22,100
1263.36,100
1264.48,100
1264.81,100
1266.78,100
1267.97,100
1268.72,100
1272.12,100
1274.09,100
1274.5,100
1274.91,100
1275.5,100
1275.9,100
1276.39,100
1277.1,100
1277.49,100
1277.84,100
1279.86,100
1280.24,100
1280.83,100
1281.24,100
1281.51,100
1282.33,100
1282.71,100
1283.13,100
1283.83,100
1286.24,100
1286.46,100
1286.46,200
0.0,0
3.5,100
3.5,200
6.05,100
6.39,100
7.12,100
7.12,200
11.22,100
12.34,100
12.71,100
14.14,100
14.4,100
14.4,200
21.13,100
22.17,100
22.53,100
22.94,100
24.3,100
24.67,100
25.11,100
25.11,200
45.21,100
46.66,100
47.02,100
48.26,100
48.52,100
48.98,100
49.39,100
51.71,100
53.65,100
53.65,200
82.98,100
83.21,100
84.29,100
84.55,100
84.75,100
85.04,100
86.96,100
87.28,100
87.83,100
88.91,100
89.26,100
89.26,200
140.96,100
142.93,100
143.16,100
143.52,100
143.92,100
144.53,100
144.81,100
145.54,100
147.72,100
147.97,100
148.24,100
148.53,100
148.85,100
148.85,200
182.68,100
217.54,100
217.79,100
220.61,100
222.58,100
222.95,100
224.16,100
224.75,100
225.02,100
225.32,100
225.66,100
227.01,100
227.36,100
227.62,100
227.9,100
227.9,200
274.57,100
275.98,100
276.18,100
280.73,100
284.98,100
285.27,100
285.62,100
287.19,100
287.6,100
287.93,100
288.22,100
289.86,100
290.24,100
290.56,100
291.28,100
292.92,100
293.21,100
293.21,200
377.18,100
380.34,100
382.05,100
382.47,100
382.81,100
383.05,100
384.2,100
384.59,100
384.98,100
386.71,100
387.05,100
387.81,100
388.31,100
388.48,100
389.52,100
390.04,100
390.52,100
391.81,100
392.1,100
392.1,200
430.29,100
433.85,100
438.94,100
439.11,100
439.44,100
439.79,100
440.19,100
441.8,100
442.35,100
443.77,100
444.94,100
445.06,100
445.49,100
447.47,100
447.7,100
448.06,100
448.69,100
449.79,100
449.83,100
450.41,100
451.2,100
451.2,200
482.51,100
485.09,100
486.47,100
488.27,100
492.47,100
495.99,100
496.22,100
496.95,100
498.13,100
498.89,100
502.11,100
505.95,100
506.72,100
511.82,100
512.34,100
517.65,100
517.96,100
518.78,100
519.41,100
519.85,100
520.97,100
521.5,100
522.29,100
522.29,200
569.79,100
573.19,100
590.54,100
591.11,100
592.81,100
601.98,100
603.39,100
606.62,100
608.41,100
608.62,100
609.22,100
609.42,100
612.87,100
613.13,100
613.5,100
613.69,100
614.18,100
614.87,100
615.29,100
615.81,100
616.1,100
616.4,100
616.72,100
617.11,100
618.07,100
618.07,200
652.72,100
655.14,100
655.2,100
656.47,100
660.49,100
662.76,100
674.83,100
679.21,100
680.59,100
684.77,100
684.93,100
685.2,100
685.68,100
686.04,100
687.38,100
690.54,100
690.92,100
691.16,100
691.77,100
692.33,100
693.02,100
693.35,100
693.58,100
694.17,100
694.59,100
696.19,100
696.48,100
696.48,200
744.41,100
801.65,100
807.46,100
808.07,100
808.68,100
813.82,100
814.02,100
814.15,100
814.57,100
814.9,100
816.96,100
817.18,100
819.86,100
820.06,100
820.35,100
820.73,100
822.38,100
822.71,100
823.28,100
823.83,100
824.54,100
824.75,100
825.28,100
827.51,100
827.71,100
828.1,100
828.88,100
829.74,100
831.16,100
831.16,200
870.8,100
873.71,100
878.91,100
896.05,100
896.48,100
899.02,100
903.78,100
904.04,100
904.34,100
909.23,100
911.7,100
913.66,100
913.98,100
914.3,100
914.85,100
915.78,100
916.14,100
916.49,100
917.27,100
919.45,100
919.68,100
919.91,100
920.63,100
921.8,100
922.59,100
922.89,100
923.18,100
924.02,100
924.32,100
925.57,100
925.92,100
925.92,200
979.26,100
0.0,0
2.66,100
2.66,200
5.7,100
6.09,100
6.49,100
6.49,200
15.77,100
17.1,100
17.72,100
18.17,100
20.09,100
20.09,200
55.88,100
56.79,100
57.16,100
57.43,100
57.96,100
58.43,100
59.22,100
59.22,200
89.49,100
90.31,100
90.64,100
91.03,100
92.24,100
92.52,100
92.79,100
93.22,100
93.41,100
93.41,200
127.4,100
128.09,100
130.38,100
130.77,100
131.3,100
132.08,100
132.66,100
132.95,100
133.56,100
134.26,100
134.71,100
134.71,200
180.41,100
182.71,100
185.31,100
186.6,100
186.86,100
187.25,100
188.5,100
188.63,100
190.98,100
192.65,100
193.1,100
193.36,100
193.84,100
193.84,200
234.5,100
265.06,100
265.28,100
267.17,100
267.54,100
268.18,100
270.36,100
271.19,100
271.51,100
271.72,100
272.1,100
272.73,100
273.55,100
274.28,100
274.59,100
274.59,200
274.8,100
308.77,100
311.13,100
311.44,100
313.3,100
313.57,100
313.97,100
315.38,100
317.52,100
317.76,100
318.13,100
318.37,100
318.86,100
320.16,100
321.16,100
321.55,100
323.1,100
323.1,200
359.46,100
360.65,100
426.87,100
429.42,100
430.14,100
430.64,100
433.06,100
433.51,100
433.93,100
434.38,100
434.86,100
435.23,100
435.48,100
435.84,100
436.21,100
436.97,100
438.76,100
439.35,100
439.76,100
439.76,200
483.07,100
484.67,100
488.28,100
490.3,100
492.31,100
492.68,100
492.97,100
493.49,100
494.65,100
494.95,100
495.67,100
495.93,100
497.89,100
498.11,100
498.7,100
500.92,100
501.22,100
501.41,100
502.22,100
503.92,100
504.13,100
504.13,200
555.41,100
556.97,100
557.84,100
559.78,100
561.16,100
568.22,100
569.75,100
574.51,100
576.66,100
576.81,100
577.21,100
577.84,100
579.09,100
582.36,100
582.7,100
584.64,100
586.07,100
586.31,100
586.66,100
587.16,100
587.45,100
589.17,100
589.44,100
589.44,200
618.14,100
620.29,100
647.25,100
649.26,100
649.76,100
650.03,100
650.49,100
654.69,100
655.2,100
655.44,100
655.9,100
659.78,100
660.07,100
660.46,100
662.74,100
663.06,100
663.76,100
665.11,100
665.83,100
666.16,100
667.39,100
668.89,100
669.1,100
669.42,100
671.14,100
671.14,200
730.61,100
734.82,100
763.15,100
763.48,100
768.79,100
769.1,100
773.21,100
778.2,100
778.46,100
778.79,100
779.18,100
779.75,100
780.49,100
782.44,100
782.65,100
783.04,100
783.47,100
784.59,100
784.96,100
785.2,100
785.79,100
785.98,100
787.33,100
787.55,100
787.88,100
788.5,100
789.77,100
789.77,200
830.46,100
874.12,100
874.44,100
875.2,100
876.34,100
879.85,100
882.78,100
884.57,100
885.46,100
887.71,100
891.76,100
892.05,100
892.31,100
892.87,100
893.24,100
893.47,100
894.48,100
896.72,100
896.86,100
897.27,100
897.65,100
898.49,100
899.01,100
899.31,100
899.61,100
899.99,100
900.21,100
901.0,100
903.67,100
903.67,200
0.0,0
0.8,100
0.8,200
2.83,100
3.7,100
4.55,100
4.55,200
24.87,100
25.97,100
28.26,100
28.83,100
29.57,100
29.57,200
30.29,100
30.73,100
32.52,100
32.86,100
34.49,100
34.71,100
35.84,100
35.84,200
55.5,100
55.83,100
56.14,100
56.61,100
60.63,100
62.53,100
62.81,100
75.11,100
75.46,100
75.46,200
109.19,100
109.34,100
110.52,100
110.92,100
111.21,100
111.85,100
112.11,100
112.61,100
113.43,100
113.77,100
114.13,100
114.13,200
157.26,100
159.59,100
162.95,100
163.29,100
165.49,100
165.61,100
165.91,100
167.05,100
167.67,100
168.63,100
168.96,100
169.78,100
170.09,100
170.09,200
222.82,100
225.54,100
225.72,100
226.88,100
227.39,100
228.52,100
229.43,100
229.63,100
230.02,100
230.33,100
230.62,100
231.29,100
231.66,100
233.04,100
233.47,100
233.47,200
296.9,100
299.07,100
300.68,100
300.99,100
301.57,100
301.86,100
302.44,100
304.08,100
304.37,100
304.64,100
304.95,100
306.16,100
306.46,100
306.71,100
307.56,100
309.4,100
309.65,100
309.65,200
341.12,100
342.68,100
345.1,100
369.76,100
371.1,100
372.65,100
373.99,100
375.31,100
375.61,100
375.83,100
379.05,100
379.26,100
379.53,100
379.77,100
380.67,100
381.35,100
384.32,100
384.63,100
384.95,100
384.95,200
421.03,100
424.05,100
432.3,100
433.11,100
434.68,100
434.99,100
438.96,100
439.39,100
441.98,100
442.37,100
442.78,100
442.96,100
443.48,100
444.5,100
444.8,100
446.05,100
447.51,100
447.8,100
448.32,100
448.7,100
450.15,100
450.15,200
519.9,100
520.18,100
560.87,100
566.85,100
571.03,100
571.66,100
576.35,100
576.6,100
579.89,100
580.08,100
580.49,100
580.85,100
581.05,100
582.53,100
582.8,100
583.22,100
583.58,100
584.27,100
584.58,100
585.04,100
585.37,100
586.58,100
586.78,100
586.78,200
647.82,100
653.56,100
653.72,100
654.93,100
659.76,100
659.97,100
660.22,100
660.66,100
664.43,100
664.63,100
664.93,100
665.17,100
665.48,100
666.03,100
666.4,100
666.64,100
670.2,100
670.42,100
670.7,100
671.12,100
671.55,100
675.68,100
675.96,100
677.32,100
677.69,100
677.69,200
705.41,100
767.97,100
768.23,100
775.67,100
783.49,100
788.93,100
789.15,100
789.52,100
789.99,100
791.39,100
792.89,100
793.11,100
793.54,100
796.11,100
797.38,100
797.99,100
799.35,100
799.54,100
799.9,100
800.26,100
802.06,100
802.26,100
802.68,100
802.94,100
803.73,100
805.54,100
807.82,100
807.82,200
854.72,100
878.44,100
879.91,100
884.7,100
890.12,100
895.44,100
901.31,100
903.59,100
903.74,100
904.19,100
905.07,100
907.3,100
907.69,100
907.98,100
908.47,100
908.91,100
909.7,100
910.47,100
910.74,100
911.61,100
913.12,100
913.42,100
913.92,100
914.52,100
915.81,100
916.38,100
917.35,100
918.11,100
918.45,100
918.45,200
954.96,100
957.36,100
972.43,100
977.04,100
989.89,100
995.94,100
999.77,100
1000.02,100
1001.71,100
1002.0,100
1006.09,100
1006.49,100
1006.77,100
1007.22,100
1008.58,100
1011.51,100
1011.69,100
1011.98,100
1012.36,100
1012.71,100
1014.44,100
1015.41,100
1017.23,100
1017.6,100
1017.95,100
1019.31,100
1019.66,100
1020.32,100
1021.26,100
1023.01,100
1023.29,100
1023.29,200
0.0,0
5.53,100
5.53,200
8.46,100
9.44,100
9.88,100
9.88,200
12.09,100
12.47,100
12.83,100
13.15,100
15.13,100
15.13,200
19.13,100
21.44,100
21.73,100
22.27,100
23.39,100
24.06,100
27.79,100
27.79,200
62.56,100
63.42,100
63.75,100
64.35,100
65.13,100
65.87,100
66.29,100
67.2,100
70.51,100
70.51,200
115.11,100
116.94,100
118.68,100
119.64,100
119.89,100
121.34,100
121.63,100
121.99,100
122.29,100
123.32,100
126.02,100
126.02,200
171.17,100
173.26,100
173.92,100
174.29,100
176.3,100
177.84,100
178.06,100
178.52,100
178.86,100
179.47,100
180.11,100
180.48,100
181.5,100
181.5,200
0.0,0
5.52,100
5.52,200
7.4,100
8.17,100
8.55,100
8.55,200
10.43,100
10.62,100
11.79,100
12.1,100
13.05,100
13.05,200
29.45,100
31.89,100
32.63,100
32.84,100
33.21,100
34.2,100
34.58,100
34.58,200
41.67,100
42.46,100
43.3,100
43.56,100
44.65,100
45.09,100
45.42,100
45.7,100
46.52,100
46.52,200
77.93,100
78.33,100
80.73,100
80.94,100
81.36,100
82.17,100
83.6,100
84.31,100
85.14,100
85.5,100
85.9,100
85.9,200
113.43,100
114.72,100
116.73,100
117.14,100
119.73,100
121.44,100
121.69,100
121.93,100
122.22,100
123.89,100
124.23,100
124.78,100
126.19,100
126.19,200
224.78,100
225.44,100
226.66,100
228.87,100
230.23,100
231.02,100
231.41,100
233.1,100
233.29,100
233.71,100
233.96,100
235.19,100
235.43,100
235.82,100
236.35,100
236.35,200
276.42,100
320.81,100
325.17,100
327.51,100
328.98,100
329.52,100
329.88,100
332.31,100
333.87,100
334.22,100
334.44,100
336.17,100
337.62,100
338.16,100
338.47,100
338.77,100
339.53,100
339.53,200
387.73,100
389.74,100
392.6,100
395.4,100
396.98,100
397.46,100
398.84,100
401.67,100
404.04,100
405.77,100
406.13,100
406.38,100
408.53,100
408.81,100
409.32,100
409.72,100
411.39,100
411.79,100
412.2,100
412.2,200
455.46,100
456.79,100
477.22,100
479.54,100
483.48,100
483.87,100
490.18,100
492.07,100
495.48,100
496.21,100
496.44,100
496.78,100
497.57,100
498.66,100
500.79,100
501.07,100
503.61,100
503.85,100
504.24,100
504.54,100
505.8,100
505.8,200
536.47,100
537.18,100
537.46,100
537.8,100
539.38,100
555.25,100
557.09,100
557.32,100
566.72,100
568.85,100
569.11,100
571.2,100
571.44,100
571.85,100
572.12,100
575.31,100
575.64,100
575.85,100
576.46,100
577.95,100
578.63,100
580.36,100
580.65,100
580.65,200
621.21,100
621.45,100
622.99,100
658.52,100
659.02,100
663.68,100
664.11,100
664.4,100
664.87,100
669.26,100
670.94,100
671.4,100
672.01,100
672.21,100
675.73,100
677.44,100
678.44,100
678.95,100
679.85,100
680.54,100
681.36,100
682.24,100
683.89,100
684.11,100
684.42,100
684.42,200
720.05,100
724.91,100
726.14,100
728.59,100
741.53,100
745.76,100
747.44,100
750.05,100
750.68,100
750.91,100
751.17,100
751.95,100
753.9,100
754.03,100
755.23,100
757.01,100
757.21,100
757.57,100
757.87,100
758.35,100
758.5,100
761.19,100
761.69,100
762.61,100
765.35,100
765.64,100
765.98,100
765.98,200
821.83,100
824.3,100
834.05,100
837.67,100
839.14,100
842.43,100
847.92,100
855.61,100
857.98,100
858.8,100
859.34,100
862.63,100
862.91,100
863.14,100
863.95,100
867.91,100
868.27,100
868.65,100
869.27,100
871.03,100
871.38,100
871.76,100
872.26,100
872.76,100
873.23,100
873.72,100
874.64,100
876.81,100
877.05,100
877.05,200
943.56,100
949.26,100
949.52,100
951.63,100
954.89,100
965.94,100
967.73,100
969.57,100
974.84,100
975.64,100
976.24,100
976.57,100
977.2,100
985.33,100
985.61,100
985.93,100
986.8,100
988.11,100
989.53,100
989.86,100
990.2,100
990.86,100
994.47,100
994.71,100
994.95,100
995.2,100
995.86,100
997.0,100
997.34,100
997.73,100
999.97,100
999.97,200
1000.16,100
1085.0,100
0.0,0
0.43,100
0.43,200
2.71,100
2.99,100
4.13,100
4.13,200
8.76,100
9.88,100
11.58,100
14.1,100
14.48,100
14.48,200
48.48,100
49.63,100
49.82,100
50.17,100
50.87,100
50.97,100
51.53,100
51.53,200
51.7,100
68.29,100
70.12,100
73.2,100
73.4,100
74.05,100
74.77,100
75.32,100
76.06,100
76.06,200
113.72,100
113.96,100
114.25,100
114.52,100
115.5,100
118.38,100
118.84,100
120.36,100
121.38,100
121.57,100
128.76,100
128.76,200
167.66,100
168.74,100
169.85,100
170.05,100
170.5,100
170.71,100
172.34,100
172.53,100
172.78,100
173.4,100
173.86,100
176.34,100
176.6,100
176.6,200
204.89,100
220.1,100
223.02,100
223.26,100
223.5,100
223.75,100
225.42,100
225.68,100
225.99,100
226.29,100
226.58,100
227.03,100
228.21,100
228.49,100
229.08,100
229.08,200
318.99,100
323.55,100
323.72,100
325.85,100
326.21,100
327.56,100
327.77,100
327.98,100
328.36,100
328.91,100
330.15,100
333.57,100
333.87,100
335.0,100
335.74,100
336.04,100
336.37,100
336.37,200
357.99,100
359.91,100
362.65,100
363.45,100
364.95,100
366.0,100
366.49,100
366.65,100
366.97,100
369.12,100
373.53,100
373.9,100
374.48,100
375.59,100
376.07,100
376.33,100
377.77,100
377.94,100
378.23,100
378.23,200
455.93,100
459.84,100
460.17,100
463.04,100
463.73,100
464.03,100
464.25,100
466.22,100
467.93,100
468.27,100
468.55,100
468.82,100
469.39,100
470.13,100
470.41,100
470.5,100
470.77,100
471.35,100
471.63,100
472.6,100
472.81,100
472.81,200
534.98,100
541.49,100
545.08,100
546.32,100
546.63,100
546.88,100
547.28,100
550.23,100
551.4,100
551.73,100
551.97,100
552.51,100
552.63,100
555.47,100
557.14,100
557.75,100
558.16,100
558.64,100
558.9,100
559.24,100
559.6,100
560.1,100
562.28,100
562.28,200
596.07,100
598.3,100
638.06,100
643.33,100
647.23,100
647.64,100
648.84,100
649.13,100
649.37,100
650.23,100
654.06,100
654.23,100
654.5,100
655.34,100
658.62,100
658.85,100
659.09,100
659.8,100
662.04,100
663.72,100
665.15,100
665.47,100
665.75,100
666.31,100
666.86,100
666.86,200
736.98,100
740.32,100
743.71,100
745.96,100
747.71,100
748.16,100
748.57,100
751.8,100
752.08,100
753.97,100
754.18,100
754.4,100
755.03,100
757.48,100
757.68,100
758.01,100
760.03,100
760.48,100
760.72,100
761.44,100
764.21,100
765.42,100
765.72,100
765.95,100
766.41,100
767.77,100
768.3,100
768.3,200
799.36,100
800.44,100
805.81,100
815.69,100
816.14,100
818.14,100
858.37,100
877.94,100
878.97,100
879.17,100
880.7,100
885.53,100
890.22,100
891.81,100
892.87,100
893.11,100
893.73,100
899.61,100
899.8,100
900.03,100
900.52,100
900.95,100
902.84,100
903.34,100
904.7,100
904.88,100
905.22,100
905.72,100
906.55,100
906.55,200
983.5,100
983.87,100
0.0,0
4.63,100
4.63,200
6.85,100
7.11,100
7.72,100
7.72,200
10.01,100
10.85,100
11.82,100
13.09,100
13.52,100
13.52,200
16.36,100
16.97,100
18.58,100
19.16,100
19.39,100
19.74,100
20.52,100
20.52,200
44.29,100
45.47,100
45.78,100
46.3,100
47.11,100
47.78,100
48.17,100
48.86,100
49.3,100
49.3,200
69.17,100
69.32,100
73.34,100
75.15,100
75.28,100
75.58,100
76.62,100
77.44,100
77.68,100
78.56,100
78.8,100
78.8,200
119.0,100
119.47,100
119.73,100
121.71,100
121.95,100
122.29,100
123.27,100
123.68,100
124.23,100
124.67,100
125.74,100
126.48,100
126.78,100
126.78,200
155.37,100
155.91,100
162.15,100
163.94,100
164.17,100
165.97,100
166.35,100
167.32,100
168.6,100
168.81,100
169.07,100
169.6,100
171.42,100
171.71,100
172.57,100
172.57,200
208.28,100
210.3,100
212.32,100
213.11,100
213.77,100
214.47,100
214.74,100
214.94,100
215.29,100
216.52,100
216.67,100
217.18,100
217.23,100
217.64,100
217.91,100
218.39,100
219.56,100
219.56,200
253.43,100
253.62,100
332.25,100
332.45,100
335.28,100
335.47,100
335.71,100
335.97,100
340.02,100
340.16,100
340.4,100
340.66,100
340.91,100
341.09,100
342.99,100
343.31,100
343.79,100
346.76,100
347.09,100
347.09,200
373.4,100
375.07,100
378.39,100
378.93,100
379.95,100
381.21,100
381.94,100
382.15,100
382.37,100
382.58,100
385.03,100
385.5,100
385.7,100
385.99,100
386.84,100
387.21,100
387.49,100
387.88,100
388.47,100
389.6,100
389.81,100
389.81,200
439.89,100
503.22,100
507.18,100
507.56,100
507.8,100
512.72,100
512.93,100
513.17,100
513.49,100
517.34,100
517.55,100
517.76,100
518.02,100
518.24,100
518.7,100
520.68,100
521.69,100
522.12,100
522.54,100
524.77,100
525.05,100
525.4,100
526.22,100
526.22,200
558.03,100
558.24,100
561.06,100
561.23,100
570.26,100
576.54,100
576.98,100
577.41,100
577.65,100
577.96,100
579.52,100
582.87,100
583.12,100
583.36,100
583.83,100
584.27,100
587.69,100
589.52,100
589.74,100
589.92,100
590.26,100
591.59,100
591.92,100
592.34,100
592.78,100
592.78,200
659.87,100
660.11,100
662.35,100
663.63,100
663.89,100
665.66,100
666.31,100
669.02,100
669.29,100
670.68,100
671.65,100
673.99,100
674.23,100
674.45,100
674.87,100
676.04,100
676.46,100
677.04,100
677.57,100
677.9,100
678.18,100
678.58,100
680.24,100
680.55,100
680.9,100
681.92,100
682.39,100
682.39,200
708.66,100
708.91,100
724.59,100
725.06,100
728.88,100
733.17,100
734.8,100
735.23,100
735.44,100
735.84,100
736.09,100
736.63,100
737.2,100
737.53,100
738.07,100
738.47,100
738.72,100
739.27,100
739.9,100
742.52,100
742.76,100
743.0,100
743.53,100
744.17,100
744.85,100
745.45,100
745.76,100
746.89,100
747.23,100
747.23,200
790.92,100
792.31,100
795.25,100
799.56,100
803.17,100
803.37,100
805.76,100
805.98,100
806.25,100
806.57,100
807.42,100
809.71,100
810.02,100
812.46,100
812.8,100
813.03,100
813.48,100
817.38,100
817.59,100
819.22,100
819.91,100
820.47,100
820.71,100
822.04,100
822.93,100
824.9,100
825.26,100
825.44,100
825.73,100
826.15,100
826.55,100
826.55,200
826.9,100
0.0,0
8.3,100
8.3,200
10.15,100
10.68,100
11.44,100
11.44,200
13.98,100
14.33,100
14.67,100
15.8,100
15.97,100
15.97,200
18.65,100
19.02,100
19.83,100
21.6,100
21.85,100
22.56,100
22.75,100
22.75,200
39.79,100
40.56,100
41.38,100
41.57,100
41.88,100
42.24,100
42.65,100
44.21,100
44.53,100
44.53,200
67.83,100
70.12,100
70.27,100
70.47,100
70.72,100
71.07,100
72.1,100
72.63,100
72.89,100
73.37,100
73.62,100
73.62,200
125.02,100
125.7,100
127.3,100
127.43,100
128.88,100
129.04,100
129.34,100
129.75,100
130.01,100
132.13,100
132.43,100
132.78,100
133.11,100
133.11,200
189.89,100
191.74,100
194.69,100
194.89,100
195.17,100
197.83,100
198.24,100
201.37,100
201.63,100
201.95,100
202.2,100
202.41,100
202.62,100
202.96,100
203.27,100
203.27,200
242.59,100
244.12,100
245.11,100
245.46,100
246.75,100
246.99,100
247.21,100
247.51,100
249.1,100
249.51,100
250.48,100
250.69,100
250.95,100
251.17,100
251.9,100
252.21,100
252.49,100
252.49,200
291.24,100
293.4,100
298.56,100
305.68,100
305.85,100
306.07,100
307.72,100
309.81,100
310.21,100
310.38,100
310.58,100
311.81,100
312.26,100
312.61,100
312.76,100
313.25,100
315.75,100
316.09,100
316.54,100
316.54,200
363.42,100
363.7,100
364.98,100
365.29,100
371.11,100
372.64,100
372.98,100
374.08,100
376.87,100
377.14,100
377.44,100
377.69,100
377.95,100
382.11,100
382.27,100
382.68,100
382.93,100
383.14,100
384.89,100
385.58,100
385.9,100
385.9,200
420.9,100
449.3,100
449.45,100
454.15,100
455.8,100
456.5,100
457.88,100
458.27,100
459.22,100
460.27,100
460.6,100
460.89,100
461.53,100
461.98,100
462.56,100
462.99,100
464.72,100
465.16,100
465.7,100
465.92,100
466.21,100
467.53,100
467.82,100
467.82,200
511.86,100
514.09,100
516.01,100
516.99,100
518.08,100
519.55,100
521.49,100
521.78,100
522.02,100
522.39,100
524.62,100
525.14,100
526.56,100
526.91,100
527.17,100
527.38,100
527.56,100
528.34,100
529.17,100
530.01,100
530.35,100
533.1,100
533.42,100
533.92,100
534.24,100
534.24,200
596.02,100
597.07,100
600.28,100
600.49,100
600.81,100
602.59,100
604.79,100
605.11,100
605.48,100
605.59,100
607.33,100
608.7,100
608.91,100
609.16,100
609.39,100
610.51,100
611.18,100
611.93,100
612.23,100
614.71,100
614.93,100
615.2,100
615.51,100
615.94,100
616.26,100
616.55,100
617.31,100
617.31,200
678.74,100
682.08,100
687.43,100
688.56,100
691.1,100
691.5,100
695.84,100
696.04,100
701.09,100
701.38,100
703.09,100
704.1,100
705.95,100
706.16,100
706.45,100
706.71,100
708.46,100
708.83,100
710.91,100
711.12,100
711.47,100
711.75,100
712.27,100
713.66,100
714.4,100
714.67,100
715.51,100
716.17,100
717.53,100
717.53,200
773.67,100
785.48,100
788.32,100
791.91,100
792.08,100
794.69,100
795.87,100
796.18,100
800.75,100
803.82,100
804.31,100
806.24,100
806.55,100
808.01,100
808.21,100
808.51,100
808.68,100
810.23,100
810.56,100
811.2,100
812.29,100
812.53,100
812.91,100
813.17,100
813.49,100
813.83,100
814.15,100
815.23,100
815.79,100
817.46,100
817.68,100
817.68,200
879.24,100
886.7,100
890.04,100
891.79,100
896.76,100
897.33,100
897.61,100
897.88,100
901.29,100
906.75,100
908.5,100
911.44,100
911.66,100
915.12,100
915.32,100
915.52,100
915.78,100
916.84,100
918.56,100
918.77,100
919.01,100
919.37,100
919.6,100
920.55,100
922.44,100
923.11,100
923.53,100
924.51,100
924.8,100
925.09,100
925.31,100
925.58,100
926.33,100
926.33,200
943.5,100
944.36,100
0.0,0
1.36,100
1.36,200
3.66,100
3.96,100
4.33,100
4.33,200
7.19,100
7.44,100
8.62,100
8.9,100
10.01,100
10.01,200
15.97,100
16.64,100
17.08,100
17.99,100
18.65,100
19.0,100
19.7,100
19.7,200
34.65,100
36.34,100
36.53,100
36.93,100
37.11,100
37.36,100
37.78,100
38.83,100
39.2,100
39.2,200
68.96,100
69.05,100
70.75,100
71.31,100
71.65,100
71.95,100
72.73,100
73.04,100
73.39,100
73.98,100
74.44,100
74.44,200
99.87,100
100.05,100
102.16,100
105.28,100
105.53,100
106.03,100
106.3,100
107.49,100
107.8,100
108.13,100
108.88,100
110.3,100
111.71,100
111.71,200
135.51,100
135.78,100
136.74,100
167.49,100
168.34,100
169.74,100
169.99,100
173.29,100
173.68,100
173.9,100
174.14,100
174.28,100
175.49,100
175.78,100
176.11,100
176.11,200
209.75,100
209.98,100
213.79,100
218.38,100
218.52,100
225.09,100
225.23,100
225.48,100
226.67,100
226.91,100
227.13,100
227.87,100
228.13,100
228.39,100
228.73,100
229.83,100
230.06,100
230.06,200
230.25,100
231.78,100
231.98,100
232.38,100
232.75,100
233.24,100
233.71,100
234.37,100
234.69,100
235.07,100
235.47,100
235.97,100
236.76,100
238.32,100
238.94,100
239.39,100
239.62,100
239.71,100
240.63,100
240.63,200
274.1,100
301.85,100
302.72,100
302.85,100
303.3,100
303.49,100
305.03,100
305.42,100
305.71,100
307.78,100
308.81,100
309.05,100
309.33,100
312.36,100
312.57,100
313.05,100
313.43,100
313.84,100
314.02,100
314.4,100
315.96,100
315.96,200
347.5,100
371.79,100
395.82,100
396.63,100
398.13,100
398.43,100
402.2,100
405.63,100
405.81,100
406.16,100
407.35,100
409.91,100
410.2,100
410.5,100
410.81,100
411.37,100
411.87,100
412.2,100
412.48,100
412.74,100
413.42,100
414.14,100
415.0,100
415.0,200
453.76,100
455.38,100
495.95,100
496.18,100
497.71,100
500.0,100
502.79,100
503.09,100
505.19,100
506.99,100
507.24,100
507.62,100
511.74,100
513.04,100
513.8,100
515.28,100
515.54,100
515.89,100
516.05,100
517.39,100
517.53,100
517.91,100
518.3,100
518.85,100
519.71,100
519.71,200
556.62,100
568.5,100
570.02,100
573.41,100
575.56,100
575.95,100
578.91,100
579.19,100
579.42,100
579.69,100
581.12,100
582.23,100
582.42,100
582.7,100
585.9,100
586.13,100
586.36,100
586.73,100
587.51,100
588.22,100
588.63,100
589.06,100
589.48,100
589.82,100
590.26,100
591.21,100
592.55,100
592.55,200
627.5,100
630.16,100
633.92,100
639.4,100
640.88,100
641.91,100
642.15,100
648.87,100
656.13,100
660.78,100
661.11,100
661.32,100
661.56,100
664.05,100
665.83,100
666.08,100
666.56,100
666.75,100
667.17,100
668.3,100
669.26,100
669.7,100
670.02,100
671.07,100
672.66,100
672.96,100
673.25,100
673.61,100
674.68,100
674.68,200
729.68,100
732.31,100
748.04,100
749.42,100
752.08,100
752.43,100
753.95,100
758.06,100
758.47,100
758.67,100
761.3,100
761.54,100
764.64,100
764.99,100
766.49,100
767.2,100
769.64,100
769.84,100
770.11,100
770.32,100
770.68,100
771.3,100
771.7,100
772.25,100
772.45,100
772.84,100
773.26,100
773.7,100
776.9,100
777.08,100
777.35,100
777.35,200
827.4,100
828.82,100
866.36,100
873.48,100
876.18,100
882.7,100
886.37,100
887.49,100
888.25,100
889.71,100
890.37,100
892.83,100
893.07,100
893.35,100
893.51,100
898.01,100
898.22,100
898.5,100
898.85,100
900.44,100
900.82,100
901.12,100
901.86,100
902.05,100
902.85,100
903.47,100
905.15,100
905.28,100
905.48,100
905.72,100
907.23,100
908.06,100
908.47,100
908.47,200
908.59,100
981.8,100
988.65,100
991.45,100
996.19,100
996.41,100
1003.71,100
1005.2,100
1007.65,100
1007.92,100
1008.15,100
1009.89,100
1010.0,100
1010.33,100
1010.89,100
1012.05,100
1012.19,100
1012.63,100
1012.99,100
1013.26,100
1014.83,100
1015.22,100
1015.62,100
1016.08,100
1016.64,100
1016.89,100
1017.95,100
1018.19,100
1018.47,100
1018.89,100
1019.22,100
1019.83,100
1020.33,100
1020.71,100
1021.01,100
1021.01,200
1075.86,100
1078.42,100
1095.27,100
1098.47,100
1103.91,100
1104.21,100
1106.68,100
1107.98,100
1110.56,100
1112.74,100
1113.29,100
1113.53,100
1113.77,100
1114.02,100
1115.7,100
1117.59,100
1117.81,100
1118.16,100
1119.48,100
1122.57,100
1122.74,100
1123.0,100
1124.55,100
1124.89,100
1125.28,100
1125.93,100
1126.32,100
1126.63,100
1127.21,100
1127.37,100
1128.77,100
1128.91,100
1129.28,100
1129.6,100
1130.09,100
1130.45,100
1131.99,100
1131.99,200
1162.26,100
1183.22,100
0.0,0
11.31,100
11.31,200
13.79,100
14.72,100
15.25,100
15.25,200
17.82,100
18.72,100
18.91,100
20.69,100
20.84,100
20.84,200
70.39,100
72.19,100
72.91,100
73.96,100
74.27,100
74.97,100
75.36,100
75.36,200
80.95,100
81.85,100
82.0,100
83.09,100
84.22,100
84.55,100
84.86,100
85.55,100
86.61,100
86.61,200
133.81,100
134.26,100
134.59,100
134.75,100
135.24,100
136.63,100
136.9,100
137.78,100
138.24,100
138.51,100
139.12,100
139.12,200
169.16,100
187.94,100
190.16,100
190.34,100
190.65,100
191.81,100
192.23,100
192.53,100
193.06,100
193.36,100
193.75,100
194.22,100
195.58,100
195.58,200
226.41,100
228.67,100
229.8,100
230.08,100
231.49,100
232.87,100
233.37,100
233.82,100
234.28,100
234.51,100
235.18,100
235.83,100
236.32,100
236.68,100
237.25,100
237.25,200
272.58,100
275.39,100
275.74,100
276.09,100
277.05,100
277.33,100
278.45,100
279.13,100
279.52,100
279.87,100
280.47,100
282.4,100
282.86,100
283.5,100
283.9,100
284.24,100
284.56,100
284.56,200
307.34,100
309.75,100
328.52,100
333.25,100
333.62,100
333.81,100
334.85,100
337.38,100
337.59,100
337.88,100
338.09,100
339.11,100
339.33,100
340.68,100
340.96,100
341.23,100
341.59,100
343.05,100
343.7,100
343.7,200
376.81,100
387.33,100
390.82,100
394.24,100
395.9,100
396.2,100
400.22,100
405.14,100
405.41,100
405.74,100
405.96,100
409.36,100
409.78,100
410.09,100
411.01,100
411.11,100
411.41,100
412.02,100
412.81,100
413.59,100
415.18,100
415.18,200
460.46,100
476.72,100
477.05,100
478.05,100
478.23,100
481.99,100
486.61,100
490.33,100
494.46,100
494.86,100
495.41,100
495.84,100
499.44,100
499.94,100
500.6,100
500.82,100
501.11,100
501.69,100
502.42,100
502.64,100
503.4,100
503.83,100
505.04,100
505.04,200
507.39,100
507.86,100
508.4,100
508.79,100
509.09,100
510.13,100
511.14,100
511.58,100
512.05,100
514.2,100
514.53,100
514.88,100
515.15,100
516.06,100
516.79,100
517.14,100
517.51,100
518.02,100
518.32,100
519.26,100
519.74,100
520.38,100
523.05,100
523.36,100
523.69,100
523.69,200
568.13,100
568.27,100
569.59,100
570.06,100
570.6,100
571.36,100
571.81,100
575.26,100
576.39,100
587.82,100
589.77,100
591.52,100
594.16,100
596.34,100
596.58,100
597.12,100
597.37,100
601.08,100
601.22,100
601.96,100
603.51,100
605.47,100
605.69,100
605.96,100
608.65,100
608.98,100
609.2,100
609.2,200
0.0,0
0.11,100
0.11,200
2.04,100
2.37,100
2.82,100
2.82,200
4.69,100
4.99,100
7.6,100
8.49,100
8.85,100
8.85,200
13.59,100
14.74,100
14.98,100
15.44,100
16.81,100
18.15,100
18.85,100
18.85,200
38.85,100
41.95,100
42.17,100
43.52,100
43.76,100
44.15,100
45.48,100
45.78,100
46.69,100
46.69,200
78.17,100
87.4,100
88.48,100
88.72,100
91.35,100
91.61,100
92.11,100
93.28,100
93.59,100
94.28,100
95.87,100
95.87,200
96.34,100
127.12,100
139.72,100
143.01,100
146.81,100
148.64,100
149.37,100
151.78,100
151.99,100
152.21,100
153.89,100
154.57,100
156.45,100
156.45,200
196.73,100
199.58,100
201.31,100
201.75,100
207.69,100
207.98,100
208.27,100
208.53,100
209.79,100
210.35,100
210.76,100
211.41,100
213.16,100
213.68,100
213.99,100
213.99,200
252.43,100
253.11,100
255.94,100
259.55,100
259.75,100
260.02,100
260.3,100
261.72,100
262.26,100
262.77,100
264.36,100
264.6,100
264.86,100
265.05,100
265.39,100
265.8,100
266.16,100
266.16,200
266.44,100
300.65,100
368.35,100
368.64,100
370.04,100
371.37,100
371.55,100
371.8,100
372.18,100
374.0,100
374.19,100
376.25,100
376.56,100
376.92,100
377.76,100
377.97,100
378.14,100
378.47,100
378.95,100
378.95,200
379.07,100
430.21,100
432.09,100
435.43,100
438.22,100
440.72,100
442.19,100
443.66,100
444.0,100
444.22,100
444.49,100
445.85,100
446.42,100
448.68,100
448.83,100
449.21,100
449.71,100
450.48,100
450.75,100
451.18,100
451.62,100
451.62,200
484.29,100
500.22,100
501.6,100
502.81,100
506.75,100
506.91,100
507.17,100
509.25,100
513.36,100
513.56,100
513.8,100
514.05,100
514.45,100
515.55,100
516.08,100
517.53,100
517.98,100
519.6,100
519.88,100
520.16,100
520.7,100
521.23,100
522.46,100
522.46,200
524.92,100
525.27,100
525.64,100
526.31,100
526.67,100
529.31,100
531.08,100
532.93,100
533.38,100
533.78,100
536.09,100
536.45,100
536.77,100
537.48,100
537.88,100
539.84,100
540.19,100
540.65,100
541.97,100
542.67,100
550.51,100
550.81,100
551.52,100
554.06,100
555.29,100
555.29,200
598.07,100
598.4,100
601.99,100
604.22,100
604.92,100
610.75,100
611.03,100
611.25,100
612.25,100
615.08,100
616.42,100
619.12,100
619.94,100
624.68,100
625.16,100
627.79,100
628.21,100
628.7,100
630.16,100
630.42,100
630.72,100
630.92,100
631.43,100
633.71,100
634.01,100
636.42,100
639.57,100
639.57,200
673.7,100
674.71,100
702.59,100
702.83,100
756.36,100
761.21,100
761.8,100
762.12,100
762.51,100
764.29,100
767.28,100
771.02,100
773.52,100
774.79,100
775.3,100
775.54,100
777.88,100
778.47,100
779.4,100
779.75,100
781.61,100
781.9,100
782.38,100
786.09,100
786.38,100
787.0,100
788.22,100
788.67,100
789.22,100
789.22,200
0.0,0
0.42,100
0.42,200
2.06,100
2.44,100
3.23,100
3.23,200
5.13,100
5.41,100
6.55,100
7.16,100
8.17,100
8.17,200
10.17,100
10.56,100
11.35,100
11.52,100
11.69,100
12.1,100
12.25,100
12.25,200
14.28,100
14.54,100
14.86,100
15.13,100
16.01,100
16.52,100
16.6,100
17.03,100
17.71,100
17.71,200
20.81,100
21.17,100
21.42,100
22.25,100
24.97,100
26.58,100
27.17,100
28.4,100
29.25,100
30.06,100
30.33,100
30.33,200
68.26,100
70.41,100
73.39,100
73.94,100
74.43,100
74.9,100
76.13,100
76.51,100
77.7,100
77.96,100
78.28,100
78.58,100
79.77,100
79.77,200
93.39,100
93.74,100
98.48,100
100.05,100
101.27,100
101.59,100
101.86,100
102.86,100
103.22,100
104.59,100
104.95,100
105.14,100
105.59,100
107.66,100
107.94,100
107.94,200
163.35,100
165.01,100
169.7,100
170.02,100
170.32,100
171.66,100
172.69,100
173.67,100
173.98,100
174.34,100
175.6,100
175.94,100
176.25,100
177.89,100
178.22,100
178.6,100
179.76,100
179.76,200
263.96,100
265.64,100
269.98,100
270.83,100
271.57,100
271.71,100
272.7,100
272.94,100
273.34,100
274.36,100
275.02,100
276.62,100
277.12,100
277.59,100
278.13,100
278.59,100
278.9,100
279.12,100
280.04,100
280.04,200
322.39,100
322.91,100
324.62,100
330.14,100
330.3,100
333.16,100
333.58,100
333.78,100
335.81,100
336.05,100
341.51,100
343.54,100
345.3,100
345.54,100
345.79,100
346.15,100
346.23,100
346.55,100
347.27,100
347.56,100
347.85,100
347.85,200
406.33,100
407.43,100
413.62,100
415.67,100
415.97,100
416.21,100
416.42,100
416.59,100
418.81,100
418.97,100
419.2,100
420.11,100
421.23,100
421.62,100
423.25,100
423.72,100
424.32,100
424.87,100
425.37,100
425.61,100
427.04,100
427.47,100
428.05,100
428.05,200
467.62,100
473.59,100
474.52,100
474.67,100
478.87,100
479.07,100
479.29,100
479.59,100
483.46,100
483.71,100
483.83,100
484.05,100
486.12,100
486.42,100
487.32,100
487.7,100
489.43,100
489.82,100
491.05,100
491.37,100
491.69,100
491.96,100
492.82,100
494.11,100
494.55,100
494.55,200
556.79,100
560.64,100
561.05,100
564.05,100
566.17,100
566.49,100
568.41,100
571.73,100
572.06,100
573.46,100
575.27,100
580.12,100
580.48,100
584.55,100
584.82,100
586.86,100
587.7,100
588.83,100
589.56,100
589.84,100
591.61,100
591.81,100
592.09,100
592.45,100
592.64,100
593.63,100
594.62,100
594.62,200
597.02,100
597.35,100
597.98,100
598.3,100
600.86,100
601.25,100
601.53,100
602.65,100
602.86,100
603.23,100
603.85,100
604.27,100
605.64,100
606.02,100
606.48,100
606.82,100
607.38,100
607.76,100
608.07,100
608.39,100
609.04,100
610.98,100
611.36,100
612.84,100
613.36,100
613.8,100
614.02,100
615.72,100
616.11,100
616.11,200
717.48,100
718.94,100
722.96,100
726.43,100
727.32,100
728.19,100
730.96,100
731.11,100
731.6,100
737.39,100
738.03,100
741.1,100
744.02,100
746.05,100
749.05,100
749.48,100
750.16,100
750.67,100
751.66,100
752.23,100
754.2,100
756.72,100
757.1,100
758.02,100
766.14,100
767.91,100
771.27,100
772.62,100
778.64,100
779.05,100
781.91,100
781.91,200
785.12,100
785.95,100
788.0,100
788.45,100
789.36,100
790.02,100
790.38,100
792.58,100
793.0,100
793.53,100
795.33,100
795.78,100
796.2,100
796.94,100
799.08,100
799.61,100
801.23,100
801.59,100
804.31,100
804.99,100
806.75,100
807.16,100
808.66,100
809.02,100
809.83,100
810.2,100
810.73,100
812.34,100
812.7,100
813.11,100
814.84,100
815.62,100
817.05,100
817.05,200
817.09,100
878.08,100
940.75,100
1004.33,100
1005.01,100
1011.23,100
1013.25,100
1014.7,100
1015.95,100
1018.01,100
1020.51,100
1021.89,100
1022.17,100
1022.73,100
1026.07,100
1028.26,100
1028.88,100
1031.08,100
1033.73,100
1034.48,100
1035.08,100
1035.55,100
1037.16,100
1037.45,100
1037.81,100
1039.47,100
1043.63,100
1044.47,100
1045.11,100
1046.9,100
1047.33,100
1050.49,100
1050.8,100
1053.81,100
1054.14,100
1054.52,100
1054.52,200
0.0,0
2.49,100
2.49,200
4.65,100
5.09,100
7.11,100
7.11,200
8.84,100
9.33,100
10.17,100
10.5,100
10.76,100
10.76,200
23.52,100
25.29,100
25.49,100
25.8,100
26.26,100
26.81,100
27.04,100
27.04,200
28.81,100
29.0,100
29.32,100
30.88,100
31.6,100
31.88,100
32.33,100
32.76,100
33.81,100
33.81,200
40.07,100
41.59,100
70.77,100
75.57,100
77.86,100
78.23,100
79.9,100
80.13,100
80.34,100
81.7,100
82.15,100
82.15,200
83.6,100
83.97,100
84.27,100
84.55,100
84.97,100
85.72,100
86.41,100
87.09,100
87.41,100
87.63,100
88.15,100
88.48,100
90.05,100
90.05,200
145.99,100
147.36,100
148.85,100
155.12,100
158.3,100
158.98,100
160.7,100
160.87,100
161.17,100
163.09,100
163.62,100
163.8,100
164.08,100
167.79,100
168.95,100
168.95,200
246.16,100
246.54,100
251.52,100
253.49,100
258.62,100
260.6,100
261.36,100
261.84,100
262.82,100
262.97,100
263.26,100
263.45,100
266.99,100
267.19,100
267.63,100
268.0,100
271.16,100
271.16,200
339.62,100
344.88,100
348.42,100
352.35,100
356.79,100
357.24,100
357.45,100
357.65,100
357.97,100
361.34,100
361.78,100
362.02,100
362.21,100
364.16,100
366.22,100
366.81,100
367.15,100
367.38,100
369.23,100
369.23,200
401.05,100
464.47,100
465.54,100
466.7,100
470.91,100
471.15,100
471.39,100
471.87,100
472.07,100
472.31,100
473.37,100
473.73,100
476.78,100
477.19,100
477.62,100
478.71,100
479.09,100
479.55,100
479.95,100
480.41,100
480.77,100
480.77,200
520.71,100
520.86,100
524.76,100
530.74,100
534.13,100
535.38,100
535.67,100
535.98,100
536.18,100
536.39,100
536.75,100
537.46,100
539.64,100
539.92,100
540.11,100
540.46,100
541.47,100
541.91,100
542.31,100
543.32,100
544.2,100
544.45,100
544.84,100
544.84,200
581.41,100
584.78,100
588.53,100
590.01,100
590.32,100
591.75,100
592.86,100
593.12,100
593.37,100
593.66,100
594.86,100
595.29,100
598.01,100
598.23,100
598.39,100
599.1,100
600.16,100
600.67,100
601.07,100
601.44,100
601.81,100
602.22,100
602.77,100
604.04,100
604.38,100
604.38,200
692.67,100
695.69,100
695.91,100
696.67,100
698.01,100
699.36,100
699.62,100
699.88,100
700.09,100
700.39,100
701.24,100
701.55,100
702.16,100
702.37,100
702.79,100
703.02,100
704.54,100
704.75,100
704.97,100
706.04,100
707.16,100
707.56,100
708.01,100
708.14,100
708.44,100
708.73,100
709.24,100
709.24,200
760.76,100
807.06,100
808.37,100
808.67,100
809.63,100
810.39,100
810.54,100
813.0,100
814.47,100
814.75,100
815.06,100
815.46,100
819.72,100
821.82,100
822.07,100
822.25,100
822.53,100
822.73,100
823.22,100
823.43,100
824.16,100
825.42,100
825.72,100
826.16,100
827.59,100
828.13,100
828.4,100
828.63,100
828.67,100
828.67,200
871.27,100
874.37,100
879.74,100
884.03,100
888.71,100
891.65,100
892.22,100
892.99,100
893.23,100
893.42,100
894.08,100
894.82,100
895.17,100
895.5,100
896.09,100
898.88,100
899.17,100
899.63,100
900.64,100
900.96,100
901.31,100
902.02,100
904.23,100
904.45,100
904.88,100
905.22,100
905.73,100
906.11,100
906.37,100
906.87,100
907.74,100
907.74,200
959.31,100
992.73,100
997.17,100
1000.98,100
1001.42,100
1002.61,100
1003.95,100
1004.26,100
1005.44,100
1005.64,100
1005.87,100
1006.19,100
1007.22,100
1007.46,100
1007.71,100
1008.0,100
1010.29,100
1010.56,100
1010.82,100
1011.14,100
1012.19,100
1012.53,100
1012.84,100
1013.15,100
1013.82,100
1014.26,100
1014.69,100
1014.91,100
1016.96,100
1017.44,100
1017.78,100
1018.05,100
1018.32,100
1018.32,200
1020.16,100
1020.57,100
1020.93,100
1021.33,100
1022.74,100
1023.14,100
1023.45,100
1023.72,100
1024.08,100
1024.49,100
1024.97,100
1026.47,100
1026.75,100
1027.1,100
1027.48,100
1027.96,100
1029.05,100
1029.91,100
1030.57,100
1032.49,100
1033.25,100
1033.76,100
1033.8,100
1034.9,100
1035.77,100
1038.77,100
1039.07,100
1039.86,100
1040.3,100
1040.64,100
1041.06,100
1042.53,100
1042.89,100
1043.31,100
1044.64,100
1044.64,200
1125.76,100
1131.92,100
1132.09,100
1150.78,100
1152.65,100
1153.04,100
1156.52,100
1158.35,100
1160.87,100
1163.48,100
1165.45,100
1166.9,100
1167.55,100
1168.72,100
1170.6,100
1170.88,100
1171.12,100
1171.74,100
1172.27,100
1172.52,100
1173.28,100
1173.62,100
1174.16,100
1175.76,100
1176.24,100
1176.45,100
1177.24,100
1178.23,100
1178.75,100
1179.11,100
1179.43,100
1179.76,100
1180.1,100
1180.42,100
1180.9,100
1181.3,100
1183.31,100
1183.31,200
1265.36,100
1267.23,100
1267.81,100
1271.24,100
1271.73,100
1272.34,100
1274.78,100
1275.31,100
1275.66,100
1276.56,100
1279.73,100
1280.06,100
1281.52,100
1282.62,100
1286.45,100
1287.04,100
1291.08,100
1291.55,100
1291.84,100
1292.27,100
1296.99,100
1299.49,100
1301.08,100
1301.58,100
1301.99,100
1302.69,100
1303.25,100
1303.69,100
1306.96,100
1307.53,100
1308.09,100
1310.16,100
1310.43,100
1311.87,100
1313.57,100
1313.98,100
1315.94,100
1316.27,100
1316.67,100
1316.67,200
0.0,0
2.07,100
2.07,200
4.21,100
4.5,100
5.22,100
5.22,200
35.74,100
36.01,100
36.49,100
36.91,100
37.39,100
37.39,200
43.01,100
43.3,100
44.11,100
44.29,100
45.23,100
45.76,100
46.08,100
46.08,200
83.03,100
85.99,100
86.17,100
87.08,100
87.42,100
87.68,100
88.2,100
89.33,100
89.63,100
89.63,200
120.87,100
124.67,100
124.94,100
125.13,100
125.32,100
126.33,100
126.65,100
127.43,100
127.88,100
129.51,100
129.61,100
129.61,200
159.04,100
160.36,100
160.51,100
160.8,100
160.98,100
161.7,100
161.94,100
162.15,100
162.67,100
163.82,100
164.1,100
164.43,100
164.67,100
164.67,200
164.91,100
192.86,100
197.16,100
197.47,100
197.73,100
198.07,100
198.88,100
199.18,100
199.58,100
199.96,100
200.4,100
202.23,100
202.48,100
203.15,100
203.47,100
203.47,200
243.34,100
245.9,100
246.39,100
246.73,100
249.43,100
251.59,100
251.9,100
252.12,100
253.46,100
253.74,100
254.21,100
255.58,100
255.91,100
256.22,100
256.81,100
258.09,100
258.38,100
258.38,200
258.62,100
327.35,100
328.7,100
330.79,100
330.97,100
331.32,100
331.78,100
334.37,100
334.57,100
334.85,100
335.15,100
335.52,100
336.55,100
337.44,100
337.86,100
338.17,100
338.71,100
340.62,100
340.91,100
340.91,200
372.08,100
372.69,100
372.97,100
378.01,100
378.19,100
378.51,100
382.64,100
382.84,100
383.88,100
385.46,100
385.63,100
385.9,100
387.17,100
388.08,100
388.38,100
389.03,100
390.76,100
391.04,100
391.48,100
391.8,100
393.92,100
393.92,200
435.45,100
436.66,100
437.23,100
440.57,100
440.94,100
441.13,100
441.56,100
442.19,100
442.97,100
444.33,100
444.59,100
444.82,100
445.02,100
447.14,100
447.4,100
447.65,100
449.72,100
450.19,100
452.67,100
453.02,100
453.33,100
454.21,100
454.67,100
454.67,200
481.13,100
481.35,100
482.65,100
484.18,100
487.91,100
488.13,100
488.5,100
488.83,100
489.94,100
495.47,100
495.7,100
496.07,100
496.31,100
497.09,100
499.39,100
499.62,100
499.89,100
500.05,100
501.2,100
501.5,100
501.98,100
502.52,100
504.49,100
504.67,100
505.0,100
505.0,200
542.71,100
544.76,100
595.88,100
596.1,100
646.34,100
647.21,100
669.56,100
670.11,100
670.47,100
670.7,100
673.14,100
673.49,100
673.85,100
674.88,100
676.17,100
677.31,100
677.53,100
677.83,100
678.05,100
678.47,100
683.46,100
683.7,100
683.98,100
684.6,100
685.58,100
686.18,100
686.77,100
686.77,200
719.65,100
724.1,100
726.47,100
729.61,100
729.83,100
730.06,100
730.4,100
732.33,100
732.63,100
735.45,100
735.7,100
736.54,100
737.32,100
739.22,100
740.55,100
741.22,100
741.9,100
743.65,100
745.1,100
746.68,100
747.02,100
747.38,100
748.03,100
748.63,100
749.72,100
750.28,100
750.67,100
751.11,100
753.36,100
753.36,200
784.73,100
844.36,100
844.62,100
845.91,100
846.29,100
848.31,100
848.92,100
851.37,100
853.3,100
853.84,100
854.12,100
854.85,100
856.55,100
857.25,100
860.11,100
860.43,100
860.67,100
860.92,100
861.37,100
862.65,100
864.8,100
865.13,100
865.38,100
865.77,100
866.24,100
868.39,100
869.0,100
869.8,100
873.0,100
873.25,100
873.61,100
873.61,200
907.45,100
909.19,100
913.22,100
917.62,100
919.31,100
922.29,100
922.62,100
924.33,100
925.76,100
930.85,100
931.05,100
931.28,100
931.59,100
931.79,100
932.28,100
934.55,100
941.2,100
941.9,100
942.38,100
943.0,100
944.54,100
945.93,100
946.39,100
946.67,100
946.9,100
947.61,100
948.21,100
948.84,100
951.32,100
953.07,100
954.71,100
955.54,100
955.81,100
955.81,200
957.85,100
958.29,100
958.68,100
959.24,100
960.15,100
960.48,100
964.96,100
965.49,100
965.83,100
966.44,100
967.15,100
967.41,100
969.14,100
970.56,100
973.76,100
974.05,100
975.3,100
976.12,100
978.28,100
979.17,100
984.57,100
984.83,100
988.17,100
988.36,100
990.45,100
990.75,100
991.21,100
992.66,100
993.09,100
993.5,100
993.74,100
994.25,100
996.35,100
996.66,100
997.18,100
997.18,200
1021.91,100
1023.13,100
1032.33,100
1067.77,100
1073.01,100
1085.95,100
1103.65,100
1104.02,100
1104.21,100
1104.56,100
1106.33,100
1106.65,100
1108.98,100
1109.18,100
1109.47,100
1109.81,100
1110.15,100
1110.8,100
1115.3,100
1141.35,100
1141.59,100
1141.84,100
1142.71,100
1145.21,100
1149.46,100
1149.68,100
1151.23,100
1155.13,100
1155.87,100
1156.52,100
1157.81,100
1158.17,100
1161.3,100
1161.78,100
1162.51,100
1164.3,100
1166.96,100
1166.96,200
1194.04,100
0.0,0
1.25,100
1.25,200
4.05,100
6.46,100
6.9,100
6.9,200
9.42,100
9.88,100
10.32,100
10.54,100
11.29,100
11.29,200
26.72,100
28.08,100
28.95,100
29.33,100
30.27,100
30.68,100
32.77,100
32.77,200
60.58,100
61.1,100
61.66,100
62.03,100
62.24,100
63.24,100
63.46,100
63.98,100
64.31,100
64.31,200
108.09,100
110.7,100
111.18,100
111.5,100
112.89,100
113.5,100
113.87,100
115.35,100
115.64,100
118.08,100
119.52,100
119.52,200
149.66,100
150.63,100
152.03,100
153.45,100
153.66,100
153.95,100
154.17,100
157.84,100
158.13,100
159.35,100
159.68,100
159.95,100
160.25,100
160.25,200
193.36,100
197.79,100
198.08,100
199.12,100
199.3,100
202.12,100
203.32,100
203.57,100
204.78,100
205.06,100
205.38,100
206.16,100
206.34,100
209.04,100
209.55,100
209.55,200
237.88,100
240.69,100
242.71,100
243.68,100
245.21,100
249.37,100
251.15,100
252.98,100
253.37,100
253.53,100
253.85,100
254.2,100
255.51,100
256.23,100
258.14,100
258.46,100
258.83,100
258.83,200
260.65,100
261.14,100
261.45,100
261.72,100
262.08,100
263.83,100
266.44,100
267.22,100
267.82,100
269.09,100
271.54,100
272.08,100
272.46,100
273.08,100
274.08,100
276.13,100
279.43,100
279.73,100
280.24,100
280.24,200
345.63,100
346.25,100
346.5,100
346.71,100
346.96,100
348.84,100
351.77,100
354.27,100
356.77,100
356.99,100
357.25,100
357.52,100
357.68,100
360.12,100
362.54,100
362.84,100
363.68,100
364.06,100
364.39,100
364.84,100
365.1,100
365.1,200
416.33,100
416.56,100
419.3,100
419.55,100
419.74,100
420.03,100
420.2,100
421.1,100
427.72,100
427.97,100
428.16,100
428.98,100
429.15,100
430.79,100
431.7,100
433.82,100
434.11,100
434.29,100
434.72,100
435.3,100
436.86,100
437.42,100
439.74,100
439.74,200
439.86,100
441.09,100
441.54,100
441.95,100
442.41,100
442.85,100
443.17,100
444.95,100
445.28,100
445.7,100
446.07,100
446.44,100
449.48,100
449.94,100
450.29,100
450.53,100
450.78,100
451.24,100
451.87,100
452.17,100
452.95,100
453.5,100
454.11,100
454.45,100
455.2,100
455.2,200
494.05,100
495.57,100
497.12,100
501.15,100
501.54,100
502.8,100
504.92,100
505.11,100
506.6,100
507.37,100
508.99,100
510.02,100
512.95,100
513.36,100
514.83,100
515.43,100
517.38,100
521.34,100
522.3,100
522.53,100
526.46,100
526.86,100
527.36,100
533.14,100
533.53,100
533.74,100
534.04,100
534.04,200
534.17,100
534.38,100
590.55,100
592.8,100
594.09,100
595.92,100
596.2,100
596.57,100
598.62,100
599.17,100
601.56,100
601.69,100
602.01,100
602.37,100
603.1,100
604.42,100
604.59,100
606.22,100
606.6,100
609.38,100
610.24,100
610.68,100
611.57,100
612.0,100
612.48,100
613.56,100
614.04,100
615.65,100
616.15,100
616.15,200
650.01,100
651.17,100
652.9,100
653.21,100
659.9,100
662.92,100
663.98,100
664.18,100
666.4,100
666.59,100
672.14,100
673.71,100
676.29,100
679.0,100
679.39,100
679.79,100
680.12,100
682.02,100
682.4,100
684.22,100
685.26,100
685.44,100
685.77,100
685.96,100
686.25,100
686.96,100
687.38,100
689.91,100
690.27,100
691.86,100
692.36,100
692.36,200
0.0,0
5.01,100
5.01,200
6.83,100
7.29,100
8.38,100
8.38,200
10.68,100
10.85,100
11.26,100
11.36,100
13.37,100
13.37,200
15.78,100
16.03,100
16.42,100
16.95,100
17.34,100
17.77,100
19.16,100
19.16,200
39.19,100
39.46,100
41.43,100
41.69,100
42.03,100
43.12,100
43.22,100
44.0,100
44.38,100
44.38,200
69.68,100
72.15,100
72.43,100
72.68,100
72.89,100
73.97,100
74.51,100
75.77,100
76.52,100
77.33,100
77.69,100
77.69,200
99.51,100
99.92,100
100.84,100
102.12,100
102.57,100
102.84,100
103.11,100
103.28,100
103.47,100
103.65,100
104.97,100
105.46,100
105.86,100
105.86,200
178.17,100
178.93,100
179.16,100
179.73,100
180.11,100
181.06,100
182.32,100
182.54,100
182.82,100
183.01,100
183.22,100
183.45,100
184.71,100
185.88,100
186.43,100
186.43,200
211.51,100
212.35,100
213.13,100
215.92,100
216.16,100
216.47,100
216.73,100
217.2,100
217.84,100
218.34,100
218.89,100
219.17,100
220.11,100
220.39,100
220.82,100
221.19,100
222.6,100
222.6,200
254.45,100
255.64,100
256.86,100
257.95,100
259.48,100
259.7,100
260.03,100
260.53,100
261.67,100
263.38,100
263.63,100
263.95,100
264.14,100
264.37,100
264.8,100
265.14,100
266.83,100
267.18,100
267.45,100
267.45,200
269.42,100
269.83,100
270.7,100
271.36,100
272.34,100
272.65,100
273.13,100
273.65,100
275.18,100
275.64,100
276.06,100
276.48,100
276.87,100
277.26,100
277.68,100
278.07,100
279.28,100
280.39,100
280.9,100
282.88,100
283.44,100
283.44,200
310.27,100
311.47,100
312.85,100
313.03,100
314.36,100
315.15,100
316.89,100
317.02,100
317.34,100
317.59,100
318.81,100
319.62,100
319.89,100
321.07,100
321.29,100
321.6,100
321.92,100
322.13,100
322.65,100
323.1,100
323.3,100
323.51,100
323.85,100
323.85,200
358.75,100
359.91,100
367.77,100
369.47,100
371.16,100
371.38,100
375.24,100
375.48,100
377.89,100
378.13,100
378.53,100
382.81,100
383.02,100
383.3,100
383.68,100
384.2,100
384.45,100
384.75,100
385.45,100
385.98,100
387.56,100
387.92,100
388.2,100
388.56,100
388.69,100
388.69,200
422.73,100
489.47,100
489.66,100
491.05,100
500.08,100
504.15,100
504.47,100
504.66,100
504.88,100
505.0,100
505.52,100
506.61,100
506.92,100
507.31,100
507.78,100
509.01,100
509.14,100
509.49,100
509.73,100
510.13,100
510.61,100
510.92,100
511.21,100
511.73,100
512.04,100
512.67,100
513.11,100
513.11,200
544.08,100
546.53,100
550.23,100
550.45,100
551.05,100
551.92,100
552.23,100
552.34,100
554.37,100
554.68,100
554.93,100
555.11,100
556.98,100
557.32,100
558.05,100
558.46,100
560.05,100
560.57,100
560.94,100
561.09,100
561.35,100
561.62,100
562.91,100
563.25,100
563.69,100
564.09,100
564.46,100
566.42,100
566.8,100
566.8,200
592.32,100
631.26,100
634.35,100
637.61,100
641.2,100
641.42,100
641.61,100
641.82,100
642.29,100
644.66,100
645.31,100
646.74,100
646.96,100
647.36,100
649.17,100
649.94,100
650.26,100
650.72,100
652.88,100
653.27,100
653.59,100
654.02,100
654.2,100
655.6,100
656.0,100
656.6,100
657.2,100
657.65,100
658.58,100
660.14,100
660.59,100
660.59,200
704.21,100
704.47,100
709.81,100
712.45,100
716.31,100
716.68,100
722.39,100
722.81,100
723.16,100
724.41,100
725.53,100
726.29,100
726.58,100
726.76,100
728.06,100
728.71,100
729.5,100
731.59,100
731.94,100
732.23,100
732.51,100
732.77,100
733.07,100
733.31,100
733.34,100
734.97,100
735.19,100
735.72,100
736.34,100
737.86,100
738.38,100
738.72,100
740.46,100
740.46,200
798.54,100
799.14,100
800.43,100
802.77,100
809.4,100
810.49,100
811.3,100
812.01,100
813.58,100
818.07,100
822.48,100
826.46,100
827.67,100
828.02,100
831.51,100
832.89,100
833.53,100
837.31,100
839.16,100
842.35,100
842.72,100
843.01,100
843.22,100
844.41,100
845.08,100
846.37,100
846.88,100
847.2,100
847.54,100
847.81,100
848.95,100
849.27,100
849.3,100
850.07,100
850.71,100
850.71,200
932.23,100
933.26,100
933.81,100
937.45,100
937.74,100
939.06,100
940.61,100
941.72,100
942.26,100
943.27,100
943.69,100
946.0,100
947.38,100
947.77,100
948.07,100
948.27,100
948.66,100
950.35,100
951.91,100
955.5,100
955.67,100
955.94,100
956.47,100
957.19,100
959.2,100
959.56,100
959.78,100
960.0,100
960.83,100
961.22,100
961.56,100
963.25,100
964.39,100
964.88,100
965.12,100
965.48,100
965.87,100
965.87,200
998.98,100
1001.12,100
1004.49,100
1007.39,100
1009.93,100
1013.87,100
1014.15,100
1015.51,100
1016.1,100
1017.95,100
1020.55,100
1027.41,100
1035.96,100
1036.26,100
1036.49,100
1036.77,100
1040.97,100
1041.19,100
1044.63,100
1046.78,100
1046.98,100
1047.2,100
1047.61,100
1048.8,100
1051.23,100
1051.6,100
1051.87,100
1052.18,100
1056.48,100
1056.87,100
1057.4,100
1057.71,100
1058.16,100
1058.88,100
1059.14,100
1060.19,100
1060.59,100
1061.21,100
1061.78,100
1061.78,200
1132.99,100
0.0,0
1.21,100
1.21,200
2.17,100
2.58,100
2.92,100
2.92,200
4.74,100
5.12,100
5.43,100
8.84,100
10.2,100
10.2,200
13.46,100
14.92,100
15.33,100
16.14,100
16.43,100
17.53,100
18.14,100
18.14,200
36.52,100
37.02,100
37.37,100
37.66,100
38.12,100
38.4,100
38.64,100
38.82,100
38.86,100
38.86,200
105.35,100
106.46,100
107.6,100
107.69,100
108.11,100
109.62,100
109.89,100
110.18,100
110.59,100
111.02,100
111.43,100
111.43,200
138.26,100
139.46,100
140.83,100
141.55,100
142.5,100
143.76,100
144.11,100
144.33,100
144.66,100
145.62,100
147.43,100
147.81,100
148.1,100
148.1,200
150.04,100
150.6,100
151.09,100
151.96,100
152.83,100
152.93,100
153.32,100
153.82,100
154.21,100
156.29,100
156.44,100
157.46,100
157.86,100
158.25,100
158.66,100
158.66,200
204.81,100
205.91,100
206.76,100
208.09,100
210.06,100
212.0,100
212.25,100
212.51,100
212.78,100
213.31,100
214.31,100
214.52,100
216.52,100
216.86,100
217.25,100
220.43,100
220.64,100
220.64,200
265.5,100
265.95,100
277.1,100
280.49,100
284.97,100
285.21,100
285.51,100
285.79,100
286.16,100
287.27,100
287.75,100
288.09,100
289.12,100
289.57,100
291.01,100
291.96,100
292.35,100
292.88,100
293.14,100
293.14,200
342.55,100
343.83,100
345.31,100
345.65,100
345.9,100
347.13,100
348.11,100
348.33,100
348.73,100
352.71,100
353.02,100
353.39,100
353.56,100
353.82,100
354.21,100
355.16,100
356.0,100
356.42,100
356.79,100
357.87,100
358.46,100
358.46,200
395.21,100
397.95,100
400.13,100
400.44,100
400.87,100
401.16,100
401.78,100
403.76,100
404.0,100
408.35,100
408.55,100
408.74,100
409.11,100
409.52,100
409.88,100
411.94,100
413.24,100
413.71,100
414.03,100
414.21,100
414.47,100
414.88,100
415.21,100
415.21,200
415.53,100
458.43,100
475.8,100
476.02,100
476.25,100
478.57,100
479.28,100
483.99,100
484.17,100
484.49,100
485.27,100
485.67,100
487.18,100
487.42,100
489.77,100
490.16,100
490.56,100
490.74,100
491.44,100
491.78,100
494.12,100
494.63,100
496.31,100
497.5,100
497.91,100
497.91,200
500.95,100
501.68,100
502.3,100
504.1,100
504.48,100
504.86,100
505.05,100
506.26,100
506.73,100
507.92,100
508.28,100
509.1,100
513.0,100
513.42,100
513.83,100
514.19,100
514.58,100
515.34,100
516.75,100
517.09,100
517.47,100
517.89,100
518.6,100
520.22,100
520.93,100
522.35,100
522.6,100
522.6,200
579.89,100
580.15,100
639.77,100
641.76,100
642.09,100
653.36,100
661.38,100
666.43,100
666.61,100
667.64,100
669.72,100
669.99,100
671.25,100
671.58,100
672.17,100
673.69,100
674.15,100
674.55,100
674.86,100
675.11,100
676.65,100
677.23,100
677.54,100
677.87,100
678.28,100
680.17,100
680.57,100
680.88,100
681.07,100
681.07,200
730.99,100
731.4,100
731.68,100
731.97,100
732.21,100
732.5,100
738.83,100
739.72,100
739.89,100
740.15,100
741.45,100
741.96,100
742.31,100
745.63,100
746.12,100
746.37,100
746.7,100
748.96,100
749.2,100
749.68,100
751.74,100
752.64,100
752.95,100
754.03,100
755.94,100
756.07,100
757.47,100
757.72,100
758.0,100
758.31,100
758.67,100
758.67,200
758.77,100
760.59,100
760.88,100
761.52,100
761.87,100
762.24,100
762.89,100
765.11,100
765.61,100
765.95,100
766.2,100
767.16,100
767.54,100
769.15,100
769.46,100
769.87,100
770.2,100
773.39,100
773.93,100
774.28,100
774.48,100
775.58,100
776.97,100
777.42,100
777.76,100
778.57,100
778.97,100
781.59,100
782.18,100
782.47,100
784.55,100
785.07,100
785.4,100
785.4,200
823.62,100
823.83,100
826.02,100
829.76,100
833.46,100
833.71,100
833.97,100
834.33,100
838.69,100
838.98,100
839.13,100
840.87,100
841.72,100
841.98,100
844.01,100
844.31,100
844.49,100
844.99,100
845.4,100
845.62,100
847.46,100
849.53,100
849.8,100
850.35,100
852.01,100
852.32,100
852.8,100
855.14,100
855.58,100
855.9,100
856.62,100
858.01,100
858.45,100
859.01,100
859.46,100
859.46,200
926.58,100
970.57,100
972.66,100
973.2,100
977.73,100
983.32,100
983.62,100
989.7,100
989.94,100
990.28,100
991.34,100
994.75,100
998.68,100
999.01,100
999.3,100
1000.55,100
1002.69,100
1005.08,100
1005.32,100
1005.85,100
1007.03,100
1007.51,100
1010.63,100
1010.85,100
1011.12,100
1011.39,100
1013.28,100
1013.61,100
1014.53,100
1015.05,100
1015.39,100
1015.84,100
1017.39,100
1017.65,100
1018.01,100
1018.4,100
1019.54,100
1019.54,200
0.0,0
0.36,100
0.36,200
2.21,100
2.47,100
4.47,100
4.47,200
20.71,100
21.15,100
23.52,100
23.71,100
24.03,100
24.03,200
43.86,100
44.09,100
45.17,100
46.63,100
48.0,100
48.2,100
48.93,100
48.93,200
69.61,100
71.24,100
71.66,100
71.92,100
72.49,100
73.77,100
74.23,100
74.6,100
76.24,100
76.24,200
124.89,100
126.06,100
126.29,100
127.29,100
128.25,100
128.61,100
129.76,100
130.15,100
130.48,100
131.55,100
131.9,100
131.9,200
153.55,100
154.54,100
155.84,100
157.23,100
157.48,100
157.76,100
159.0,100
160.6,100
160.92,100
161.35,100
162.62,100
163.98,100
164.58,100
164.58,200
184.7,100
185.12,100
189.59,100
192.29,100
196.35,100
198.55,100
199.4,100
201.62,100
201.96,100
202.58,100
203.4,100
203.55,100
205.48,100
205.93,100
206.92,100
206.92,200
235.9,100
237.19,100
263.42,100
263.87,100
264.13,100
264.42,100
268.15,100
268.42,100
268.68,100
269.93,100
270.3,100
270.78,100
272.4,100
272.74,100
273.1,100
273.55,100
273.89,100
273.89,200
304.24,100
307.23,100
307.59,100
308.87,100
309.43,100
310.0,100
310.75,100
311.76,100
311.98,100
312.2,100
312.47,100
313.52,100
314.04,100
315.18,100
315.6,100
316.1,100
317.09,100
317.65,100
317.99,100
317.99,200
346.74,100
348.18,100
349.43,100
351.01,100
352.55,100
352.92,100
353.21,100
356.96,100
360.32,100
360.74,100
362.56,100
362.84,100
363.15,100
363.49,100
364.12,100
365.53,100
365.8,100
366.21,100
366.59,100
367.03,100
367.43,100
367.43,200
398.88,100
440.5,100
440.85,100
441.12,100
441.37,100
443.92,100
445.19,100
450.0,100
450.4,100
450.74,100
450.92,100
453.08,100
453.92,100
454.18,100
454.47,100
454.93,100
455.67,100
456.98,100
457.34,100
457.63,100
458.53,100
459.12,100
459.52,100
459.52,200
489.38,100
492.4,100
501.01,100
502.84,100
504.73,100
507.02,100
507.31,100
507.48,100
507.78,100
508.65,100
508.98,100
509.3,100
509.82,100
510.39,100
511.83,100
512.09,100
512.39,100
512.66,100
513.36,100
516.02,100
516.38,100
516.68,100
516.92,100
517.29,100
517.71,100
517.71,200
551.33,100
551.9,100
554.88,100
555.33,100
555.48,100
555.78,100
555.98,100
557.19,100
559.38,100
559.78,100
563.03,100
563.25,100
563.54,100
563.87,100
565.19,100
566.1,100
567.33,100
567.56,100
567.9,100
568.18,100
569.7,100
570.35,100
570.7,100
571.26,100
573.55,100
573.86,100
574.21,100
574.21,200
618.41,100
621.13,100
621.61,100
621.86,100
622.16,100
622.49,100
623.67,100
626.66,100
626.87,100
627.16,100
628.63,100
629.22,100
630.92,100
631.15,100
631.36,100
631.74,100
632.3,100
632.63,100
633.16,100
633.68,100
635.19,100
635.44,100
635.78,100
636.82,100
637.25,100
637.78,100
638.36,100
640.39,100
640.64,100
640.64,200
671.73,100
674.09,100
676.08,100
682.42,100
682.57,100
684.0,100
684.33,100
684.67,100
691.4,100
691.66,100
691.87,100
692.12,100
692.52,100
693.69,100
695.15,100
697.2,100
697.42,100
697.61,100
697.8,100
698.05,100
699.48,100
699.85,100
701.92,100
702.11,100
702.34,100
702.61,100
703.17,100
704.05,100
705.21,100
706.15,100
708.2,100
708.2,200
797.8,100
798.24,100
799.98,100
800.41,100
800.93,100
801.15,100
815.08,100
816.53,100
817.04,100
819.43,100
821.23,100
821.77,100
823.22,100
823.91,100
824.25,100
824.57,100
825.7,100
827.63,100
828.35,100
828.7,100
828.96,100
831.92,100
832.12,100
832.46,100
832.74,100
833.09,100
833.92,100
834.29,100
836.42,100
836.56,100
836.78,100
837.03,100
837.45,100
837.45,200
888.96,100
890.66,100
894.7,100
900.96,100
903.82,100
905.77,100
906.03,100
906.3,100
906.78,100
907.03,100
907.23,100
911.15,100
911.36,100
911.68,100
912.23,100
913.94,100
914.35,100
914.54,100
916.47,100
916.72,100
916.96,100
917.3,100
917.47,100
917.81,100
918.11,100
919.36,100
919.66,100
919.82,100
920.21,100
920.47,100
920.76,100
922.83,100
923.32,100
923.65,100
924.82,100
924.82,200
1027.04,100
1049.22,100
1049.56,100
1051.77,100
1053.37,100
1053.63,100
1053.83,100
1057.39,100
1057.63,100
1065.36,100
1065.85,100
1066.13,100
1068.21,100
1070.14,100
1070.38,100
1070.69,100
1073.07,100
1073.21,100
1075.98,100
1076.54,100
1076.9,100
1077.49,100
1078.06,100
1078.44,100
1078.68,100
1080.66,100
1081.33,100
1081.96,100
1082.55,100
1082.92,100
1083.34,100
1083.63,100
1085.47,100
1085.77,100
1086.4,100
1088.54,100
1088.97,100
1088.97,200
1180.99,100
1185.58,100
1185.88,100
1191.57,100
1194.66,100
1195.74,100
1196.21,100
1197.47,100
1197.7,100
1197.93,100
1198.19,100
1198.61,100
1199.41,100
1201.46,100
1201.86,100
1202.26,100
1202.52,100
1203.19,100
1204.15,100
1204.43,100
1204.71,100
1205.21,100
1206.68,100
1207.12,100
1207.46,100
1207.74,100
1209.45,100
1209.9,100
1210.12,100
1210.32,100
1210.75,100
1211.07,100
1211.4,100
1213.23,100
1213.71,100
1214.06,100
1214.52,100
1215.09,100
1215.53,100
1215.53,200
0.0,0
4.9,100
4.9,200
7.99,100
8.52,100
9.0,100
9.0,200
11.75,100
12.22,100
13.4,100
13.72,100
14.11,100
14.11,200
43.1,100
44.15,100
44.43,100
44.65,100
45.57,100
48.02,100
48.49,100
48.49,200
65.26,100
69.73,100
70.46,100
70.68,100
73.35,100
74.75,100
74.94,100
75.28,100
75.82,100
75.82,200
114.92,100
115.6,100
115.88,100
116.15,100
116.36,100
117.55,100
118.5,100
119.44,100
120.91,100
121.32,100
121.63,100
121.63,200
183.37,100
185.77,100
186.11,100
186.37,100
186.62,100
186.81,100
187.48,100
188.01,100
188.78,100
190.22,100
191.61,100
191.93,100
192.23,100
192.23,200
225.11,100
225.5,100
226.23,100
228.05,100
228.41,100
232.65,100
232.77,100
233.0,100
233.78,100
234.18,100
234.83,100
235.31,100
235.57,100
236.36,100
236.61,100
236.61,200
238.66,100
238.97,100
239.36,100
240.04,100
240.55,100
241.49,100
242.35,100
244.56,100
245.08,100
245.57,100
246.11,100
246.55,100
247.82,100
248.69,100
250.75,100
251.23,100
252.84,100
252.84,200
304.98,100
305.27,100
305.46,100
305.59,100
305.9,100
306.17,100
309.01,100
309.31,100
309.6,100
309.88,100
310.11,100
313.09,100
313.41,100
313.62,100
314.03,100
314.45,100
316.49,100
316.83,100
317.28,100
317.28,200
378.52,100
418.1,100
418.95,100
420.1,100
420.3,100
420.64,100
423.09,100
423.3,100
423.54,100
423.83,100
425.07,100
425.87,100
427.65,100
427.89,100
428.2,100
428.43,100
428.96,100
430.96,100
431.42,100
432.13,100
432.35,100
432.35,200
434.43,100
435.42,100
435.73,100
436.1,100
436.69,100
437.29,100
437.9,100
438.7,100
439.15,100
439.85,100
440.09,100
440.37,100
440.58,100
440.99,100
441.98,100
443.75,100
444.38,100
444.82,100
445.52,100
445.69,100
446.12,100
446.51,100
447.75,100
447.75,200
505.73,100
506.04,100
512.81,100
513.95,100
514.77,100
516.47,100
517.48,100
520.1,100
520.24,100
521.97,100
522.22,100
522.58,100
522.83,100
523.07,100
527.15,100
527.37,100
527.64,100
529.72,100
530.02,100
530.6,100
530.97,100
531.16,100
531.72,100
532.11,100
532.69,100
532.69,200
535.18,100
535.45,100
535.66,100
536.08,100
538.3,100
539.17,100
540.46,100
541.81,100
542.34,100
542.59,100
542.99,100
543.3,100
543.69,100
544.1,100
544.39,100
546.34,100
548.29,100
548.72,100
549.09,100
549.75,100
550.56,100
550.79,100
552.02,100
555.46,100
555.71,100
556.02,100
556.71,100
556.71,200
651.14,100
699.19,100
703.66,100
703.93,100
706.43,100
715.78,100
717.42,100
718.37,100
726.19,100
726.69,100
726.88,100
729.15,100
735.86,100
739.82,100
740.92,100
743.12,100
743.51,100
744.06,100
749.1,100
749.28,100
750.06,100
750.79,100
751.97,100
752.39,100
753.02,100
755.13,100
758.91,100
759.26,100
759.61,100
759.61,200
829.29,100
0.0,0
4.32,100
4.32,200
6.43,100
8.13,100
8.53,100
8.53,200
10.7,100
11.7,100
12.35,100
13.32,100
13.93,100
13.93,200
15.71,100
16.17,100
16.51,100
17.07,100
18.83,100
19.23,100
19.64,100
19.64,200
43.88,100
45.04,100
45.51,100
47.58,100
47.96,100
48.74,100
49.09,100
49.4,100
49.74,100
49.74,200
54.07,100
54.78,100
54.9,100
59.35,100
59.6,100
59.9,100
61.26,100
61.88,100
62.29,100
62.72,100
63.97,100
63.97,200
98.77,100
102.53,100
102.7,100
103.91,100
105.32,100
105.59,100
105.88,100
106.17,100
107.68,100
108.17,100
109.11,100
110.58,100
111.08,100
111.08,200
180.19,100
183.65,100
185.3,100
185.45,100
186.41,100
186.64,100
186.93,100
187.18,100
188.0,100
188.44,100
188.7,100
189.05,100
189.32,100
190.58,100
190.77,100
190.77,200
265.89,100
267.7,100
268.55,100
268.77,100
269.01,100
269.2,100
270.53,100
270.75,100
271.02,100
271.31,100
271.9,100
273.41,100
273.9,100
274.68,100
276.16,100
276.47,100
276.89,100
276.89,200
303.7,100
304.84,100
305.09,100
308.07,100
308.32,100
310.05,100
310.56,100
318.7,100
321.1,100
322.36,100
323.01,100
323.26,100
323.68,100
323.96,100
324.25,100
326.7,100
326.98,100
327.48,100
328.89,100
328.89,200
360.45,100
362.47,100
362.72,100
363.41,100
415.78,100
416.17,100
416.83,100
417.2,100
419.66,100
420.18,100
422.35,100
422.66,100
422.9,100
423.12,100
423.41,100
423.6,100
427.33,100
427.47,100
427.83,100
428.83,100
431.46,100
431.46,200
457.06,100
458.8,100
460.71,100
463.33,100
463.85,100
465.15,100
467.18,100
467.34,100
467.59,100
467.78,100
467.97,100
469.41,100
472.1,100
472.41,100
472.63,100
472.9,100
473.12,100
474.43,100
475.03,100
475.27,100
475.91,100
477.28,100
479.26,100
479.26,200
520.22,100
521.73,100
523.25,100
524.74,100
525.11,100
525.48,100
525.72,100
528.77,100
529.41,100
532.86,100
533.23,100
533.47,100
533.69,100
533.89,100
534.25,100
535.39,100
535.77,100
536.69,100
537.13,100
537.37,100
537.68,100
537.93,100
539.65,100
540.33,100
540.66,100
540.66,200
572.95,100
575.12,100
578.17,100
578.52,100
578.79,100
582.43,100
582.76,100
583.0,100
583.24,100
583.51,100
584.4,100
584.59,100
586.61,100
587.06,100
587.64,100
588.57,100
589.22,100
590.94,100
591.49,100
591.87,100
592.58,100
593.11,100
593.6,100
595.21,100
595.48,100
600.22,100
600.82,100
600.82,200
654.14,100
654.38,100
655.95,100
657.36,100
658.43,100
658.64,100
660.14,100
660.54,100
662.66,100
664.21,100
669.45,100
670.01,100
670.44,100
674.12,100
674.47,100
675.11,100
675.41,100
676.65,100
677.17,100
677.48,100
677.68,100
679.53,100
680.32,100
680.73,100
681.22,100
682.16,100
682.66,100
683.65,100
684.08,100
684.08,200
685.91,100
686.66,100
689.99,100
690.22,100
690.62,100
691.11,100
691.74,100
693.36,100
693.85,100
695.24,100
695.74,100
696.5,100
697.78,100
698.24,100
698.52,100
699.26,100
702.35,100
704.12,100
705.08,100
705.48,100
706.93,100
707.73,100
709.44,100
710.06,100
711.3,100
711.7,100
714.49,100
716.33,100
718.26,100
718.72,100
719.12,100
719.12,200
809.35,100
852.49,100
854.87,100
856.86,100
857.16,100
859.93,100
860.08,100
860.54,100
860.93,100
879.16,100
881.45,100
913.76,100
927.97,100
930.73,100
933.34,100
934.86,100
942.75,100
0.0,0
2.3,100
2.3,200
4.65,100
5.81,100
6.15,100
6.15,200
8.31,100
8.62,100
9.54,100
11.25,100
11.62,100
11.62,200
15.06,100
61.25,100
62.57,100
62.96,100
63.5,100
64.27,100
64.64,100
64.64,200
93.38,100
94.18,100
94.49,100
94.76,100
96.1,100
96.61,100
96.87,100
97.5,100
97.62,100
97.62,200
155.11,100
155.51,100
156.01,100
156.53,100
157.05,100
158.03,100
158.24,100
158.69,100
158.95,100
160.47,100
161.04,100
161.04,200
195.96,100
197.45,100
199.17,100
200.0,100
201.28,100
202.21,100
202.41,100
202.72,100
202.9,100
203.27,100
205.0,100
205.37,100
205.66,100
205.66,200
237.03,100
238.41,100
240.6,100
242.4,100
243.32,100
245.34,100
245.63,100
245.9,100
246.11,100
246.32,100
247.63,100
248.42,100
248.78,100
248.91,100
250.39,100
250.39,200
291.75,100
294.24,100
295.0,100
295.39,100
295.64,100
295.93,100
296.19,100
297.27,100
297.59,100
298.38,100
300.31,100
300.52,100
300.76,100
301.38,100
301.78,100
302.14,100
302.42,100
302.42,200
345.65,100
345.82,100
348.24,100
348.69,100
348.89,100
349.06,100
349.29,100
349.6,100
349.98,100
350.81,100
351.01,100
352.47,100
352.87,100
353.05,100
353.51,100
355.04,100
355.46,100
355.82,100
356.12,100
356.12,200
356.71,100
440.96,100
441.41,100
441.71,100
441.93,100
444.01,100
444.35,100
446.33,100
447.44,100
448.01,100
448.81,100
449.14,100
449.48,100
449.62,100
449.96,100
451.09,100
452.8,100
453.24,100
454.69,100
455.09,100
455.39,100
455.39,200
457.72,100
458.37,100
458.83,100
459.24,100
459.86,100
460.5,100
463.58,100
463.73,100
464.32,100
464.82,100
465.33,100
465.78,100
467.95,100
469.01,100
470.59,100
470.84,100
471.25,100
471.54,100
472.96,100
473.58,100
474.13,100
474.49,100
476.1,100
476.1,200
545.3,100
545.75,100
549.79,100
550.17,100
550.51,100
550.78,100
552.67,100
552.95,100
554.68,100
554.91,100
555.16,100
555.34,100
555.5,100
555.64,100
556.39,100
556.74,100
557.58,100
559.22,100
559.6,100
559.81,100
560.11,100
561.37,100
562.01,100
562.37,100
563.01,100
563.01,200
612.03,100
612.32,100
613.93,100
616.93,100
619.03,100
620.22,100
628.06,100
629.01,100
631.7,100
631.98,100
633.35,100
633.53,100
633.99,100
634.23,100
634.4,100
638.42,100
638.59,100
638.81,100
639.01,100
639.16,100
639.45,100
639.69,100
640.1,100
640.37,100
642.39,100
642.95,100
643.14,100
643.14,200
680.23,100
681.95,100
683.35,100
683.63,100
687.15,100
699.86,100
704.35,100
707.23,100
707.41,100
707.68,100
708.88,100
709.01,100
709.97,100
710.13,100
710.34,100
717.4,100
717.98,100
718.25,100
718.42,100
721.9,100
722.24,100
722.59,100
723.79,100
724.49,100
726.25,100
726.56,100
726.79,100
727.06,100
727.22,100
727.22,200
789.77,100
794.32,100
794.96,100
795.29,100
796.59,100
800.19,100
803.56,100
804.12,100
804.42,100
804.62,100
804.82,100
805.18,100
806.21,100
807.34,100
809.03,100
809.3,100
809.56,100
811.75,100
812.18,100
812.83,100
813.48,100
815.53,100
815.85,100
816.12,100
816.51,100
816.93,100
817.29,100
819.25,100
819.69,100
820.21,100
820.67,100
820.67,200
0.0,0
3.41,100
3.41,200
5.55,100
6.22,100
6.97,100
6.97,200
9.19,100
9.75,100
10.04,100
10.6,100
10.95,100
10.95,200
23.55,100
23.75,100
24.36,100
25.04,100
25.33,100
26.0,100
26.47,100
26.47,200
43.77,100
44.0,100
44.6,100
45.33,100
45.54,100
46.88,100
47.18,100
48.43,100
49.17,100
49.17,200
72.05,100
76.85,100
77.29,100
77.94,100
78.21,100
78.5,100
78.65,100
80.03,100
80.36,100
80.79,100
81.01,100
81.01,200
81.28,100
122.2,100
122.55,100
123.26,100
123.42,100
123.68,100
123.91,100
124.52,100
124.76,100
125.53,100
125.86,100
126.29,100
127.81,100
127.81,200
153.06,100
154.21,100
154.96,100
155.14,100
155.46,100
159.23,100
159.57,100
159.88,100
160.24,100
160.43,100
161.02,100
161.32,100
161.97,100
162.93,100
163.31,100
163.31,200
210.28,100
211.12,100
211.19,100
211.98,100
212.98,100
213.2,100
213.44,100
213.71,100
214.14,100
214.25,100
214.82,100
215.2,100
215.68,100
217.31,100
217.5,100
217.8,100
218.06,100
218.06,200
258.9,100
259.31,100
262.41,100
264.39,100
265.22,100
266.31,100
266.66,100
267.09,100
267.76,100
269.18,100
269.52,100
269.78,100
269.99,100
271.45,100
271.81,100
272.51,100
273.04,100
274.62,100
275.01,100
275.01,200
319.19,100
320.92,100
323.25,100
327.72,100
327.86,100
328.22,100
329.56,100
331.03,100
331.22,100
331.62,100
331.78,100
332.15,100
332.56,100
333.83,100
334.18,100
334.46,100
334.6,100
334.82,100
336.07,100
336.42,100
336.82,100
336.82,200
378.88,100
380.29,100
381.78,100
382.25,100
382.49,100
382.78,100
383.78,100
383.94,100
385.94,100
386.66,100
388.26,100
391.04,100
392.02,100
392.31,100
392.59,100
394.08,100
394.65,100
395.09,100
399.14,100
399.32,100
399.57,100
400.62,100
401.03,100
401.03,200
488.02,100
488.5,100
489.34,100
489.52,100
489.8,100
491.38,100
491.87,100
492.32,100
493.39,100
495.16,100
496.58,100
496.84,100
497.29,100
498.04,100
498.84,100
499.17,100
500.84,100
501.19,100
501.43,100
501.65,100
502.08,100
502.4,100
503.34,100
503.83,100
504.15,100
504.15,200
568.86,100
570.62,100
571.1,100
574.3,100
574.83,100
575.14,100
575.38,100
575.6,100
579.95,100
581.19,100
583.2,100
583.41,100
583.74,100
584.0,100
584.51,100
585.93,100
587.76,100
588.3,100
589.82,100
590.22,100
590.61,100
591.14,100
591.5,100
591.83,100
592.3,100
592.76,100
593.43,100
593.43,200
630.96,100
632.4,100
633.04,100
635.14,100
635.46,100
636.55,100
636.77,100
643.29,100
649.35,100
649.6,100
655.56,100
657.96,100
663.32,100
663.52,100
665.34,100
667.26,100
667.53,100
667.73,100
668.27,100
669.69,100
669.92,100
670.42,100
670.66,100
671.03,100
671.45,100
671.69,100
672.04,100
672.71,100
672.74,100
672.74,200
739.84,100
740.01,100
740.86,100
746.97,100
748.63,100
749.0,100
750.01,100
754.85,100
756.65,100
759.52,100
759.74,100
760.65,100
761.4,100
761.84,100
762.1,100
762.74,100
763.46,100
763.92,100
764.14,100
766.13,100
766.64,100
767.51,100
768.57,100
769.01,100
769.89,100
770.95,100
773.66,100
774.02,100
774.33,100
774.97,100
775.22,100
775.22,200
824.92,100
825.1,100
826.89,100
827.31,100
836.34,100
836.53,100
839.62,100
841.21,100
846.14,100
847.16,100
849.45,100
849.69,100
850.07,100
851.36,100
852.06,100
855.18,100
855.43,100
855.66,100
855.97,100
856.28,100
856.53,100
856.92,100
857.28,100
857.66,100
857.95,100
860.36,100
862.55,100
862.9,100
863.21,100
864.34,100
864.79,100
865.16,100
867.27,100
867.27,200
945.12,100
946.17,100
946.44,100
946.71,100
947.02,100
948.21,100
948.66,100
951.67,100
953.06,100
953.31,100
953.43,100
954.86,100
965.69,100
966.72,100
968.74,100
971.65,100
971.99,100
976.79,100
978.41,100
981.96,100
982.23,100
982.59,100
983.75,100
984.09,100
984.54,100
985.61,100
986.2,100
988.27,100
988.65,100
988.92,100
989.59,100
989.94,100
990.31,100
992.2,100
993.34,100
993.34,200
1019.62,100
1078.6,100
1079.62,100
1094.4,100
1096.16,100
1096.58,100
1097.88,100
1098.38,100
1099.23,100
1104.21,100
1104.9,100
1105.21,100
1106.64,100
1107.35,100
1107.75,100
1108.09,100
1108.59,100
1109.48,100
1112.59,100
1112.81,100
1113.17,100
1113.39,100
1113.52,100
1113.82,100
1113.94,100
1114.59,100
1115.14,100
1115.76,100
1118.84,100
1120.79,100
1121.73,100
1122.29,100
1125.66,100
1126.05,100
1126.63,100
1126.9,100
1127.93,100
1127.93,200
1165.97,100
1167.06,100
1167.57,100
1174.35,100
1174.55,100
1175.91,100
1177.19,100
1183.44,100
1189.61,100
1189.87,100
1191.66,100
1192.25,100
1193.2,100
1195.53,100
1195.87,100
1196.18,100
1196.48,100
1196.96,100
1197.92,100
1198.56,100
1198.94,100
1199.35,100
1200.2,100
1200.86,100
1202.84,100
1203.29,100
1203.58,100
1204.4,100
1204.78,100
1205.03,100
1206.25,100
1207.23,100
1207.79,100
1210.23,100
1210.61,100
1210.92,100
1211.16,100
1212.64,100
1213.12,100
1213.12,200
1323.72,100
1325.28,100
0.0,0
1.12,100
1.12,200
3.08,100
3.3,100
4.15,100
4.15,200
17.97,100
19.36,100
20.65,100
22.93,100
23.35,100
23.35,200
27.49,100
28.33,100
28.46,100
28.74,100
29.14,100
30.04,100
30.44,100
30.44,200
55.49,100
56.8,100
57.02,100
57.85,100
58.01,100
58.31,100
58.67,100
58.87,100
59.03,100
59.03,200
77.74,100
79.57,100
79.94,100
80.23,100
80.89,100
81.49,100
82.66,100
83.18,100
83.56,100
83.93,100
85.48,100
85.48,200
125.19,100
127.9,100
128.27,100
128.43,100
129.94,100
131.86,100
132.45,100
132.66,100
133.12,100
133.43,100
133.66,100
135.38,100
136.47,100
136.47,200
186.91,100
190.37,100
192.75,100
193.31,100
193.51,100
193.96,100
194.09,100
194.28,100
195.24,100
195.81,100
195.97,100
197.71,100
198.05,100
198.34,100
198.7,100
198.7,200
224.59,100
224.85,100
225.23,100
225.46,100
225.81,100
228.25,100
228.39,100
229.48,100
229.68,100
230.59,100
231.0,100
231.44,100
231.64,100
232.0,100
232.31,100
232.93,100
234.5,100
234.5,200
263.38,100
266.22,100
267.78,100
268.89,100
269.45,100
270.05,100
270.93,100
271.44,100
271.61,100
272.23,100
272.39,100
272.99,100
273.7,100
274.28,100
274.74,100
275.21,100
276.05,100
276.28,100
278.59,100
278.59,200
278.69,100
347.56,100
348.31,100
348.97,100
349.99,100
350.19,100
350.42,100
352.7,100
354.74,100
356.49,100
356.9,100
357.09,100
357.19,100
357.26,100
358.55,100
359.23,100
359.35,100
359.66,100
360.0,100
360.26,100
360.6,100
360.6,200
361.09,100
412.51,100
413.62,100
413.82,100
414.93,100
415.17,100
415.48,100
415.64,100
417.48,100
417.69,100
417.92,100
419.73,100
420.99,100
421.53,100
423.28,100
423.51,100
423.84,100
425.16,100
426.27,100
426.44,100
426.82,100
427.68,100
428.23,100
428.23,200
469.27,100
469.44,100
471.27,100
471.73,100
471.97,100
472.31,100
472.87,100
473.43,100
474.13,100
474.39,100
474.56,100
476.52,100
477.2,100
477.49,100
478.19,100
478.4,100
479.9,100
480.55,100
481.14,100
483.24,100
483.71,100
484.05,100
484.73,100
485.15,100
485.42,100
485.42,200
530.21,100
531.31,100
531.61,100
532.05,100
536.58,100
536.86,100
537.37,100
538.07,100
539.08,100
540.76,100
541.02,100
541.38,100
541.58,100
541.83,100
541.87,100
542.06,100
542.36,100
542.67,100
544.09,100
544.55,100
545.15,100
547.77,100
548.24,100
548.64,100
548.91,100
549.28,100
549.78,100
549.78,200
608.64,100
610.52,100
611.04,100
611.22,100
611.66,100
614.14,100
614.5,100
616.07,100
616.92,100
617.38,100
617.74,100
617.94,100
618.18,100
618.49,100
618.71,100
619.04,100
619.3,100
621.5,100
621.76,100
622.13,100
622.31,100
623.59,100
624.17,100
624.75,100
625.13,100
625.36,100
627.01,100
627.47,100
627.66,100
627.66,200
653.99,100
654.29,100
658.7,100
660.89,100
663.68,100
663.92,100
666.93,100
670.19,100
670.38,100
670.61,100
672.7,100
673.41,100
674.3,100
677.27,100
677.62,100
677.79,100
678.25,100
678.42,100
678.46,100
679.39,100
679.43,100
679.82,100
680.21,100
681.19,100
682.37,100
682.94,100
683.25,100
684.0,100
684.59,100
684.84,100
685.98,100
685.98,200
720.87,100
723.67,100
761.02,100
790.27,100
790.94,100
791.18,100
791.39,100
791.68,100
792.23,100
793.89,100
794.33,100
795.23,100
795.77,100
796.47,100
800.38,100
800.59,100
800.88,100
801.28,100
801.48,100
801.78,100
801.93,100
802.05,100
802.66,100
803.42,100
803.9,100
806.73,100
807.29,100
807.94,100
808.21,100
808.66,100
809.52,100
810.9,100
811.39,100
811.39,200
861.71,100
862.46,100
862.76,100
863.14,100
867.01,100
868.85,100
869.08,100
870.07,100
870.2,100
874.51,100
874.71,100
876.19,100
877.89,100
882.2,100
883.38,100
883.61,100
883.86,100
884.08,100
884.57,100
885.75,100
888.71,100
888.95,100
889.19,100
889.54,100
890.44,100
891.1,100
892.01,100
892.6,100
893.21,100
894.92,100
895.17,100
895.92,100
896.23,100
896.45,100
896.84,100
896.84,200
937.45,100
937.66,100
938.08,100
939.47,100
939.74,100
939.97,100
942.06,100
942.35,100
942.6,100
942.82,100
943.03,100
943.18,100
943.56,100
946.89,100
947.27,100
947.9,100
952.19,100
952.35,100
952.55,100
952.87,100
953.18,100
954.3,100
956.95,100
957.22,100
957.57,100
957.75,100
958.26,100
958.66,100
958.97,100
959.26,100
959.5,100
960.8,100
961.67,100
963.74,100
964.32,100
964.99,100
965.22,100
965.22,200
998.7,100
1000.54,100
1000.99,100
1001.21,100
1001.85,100
1003.25,100
1003.71,100
1004.7,100
1004.95,100
1007.41,100
1008.33,100
1008.58,100
1012.84,100
1014.3,100
1014.59,100
1014.76,100
1015.62,100
1020.54,100
1022.52,100
1027.11,100
1031.26,100
1031.54,100
1032.02,100
1032.24,100
1035.01,100
1035.52,100
1037.84,100
1038.19,100
1038.57,100
1039.17,100
1039.48,100
1040.12,100
1041.28,100
1042.35,100
1042.86,100
1043.73,100
1045.7,100
1046.33,100
1046.63,100
1046.63,200
1114.91,100
1115.64,100
1116.76,100
1117.01,100
1117.2,100
1117.42,100
1117.55,100
1117.72,100
1117.96,100
1118.23,100
1119.56,100
1120.6,100
1122.25,100
1122.43,100
1122.63,100
1122.85,100
1123.22,100
1123.52,100
1124.95,100
1127.71,100
1129.06,100
1132.68,100
1133.15,100
1133.38,100
1133.77,100
1134.85,100
1137.44,100
1137.76,100
1138.14,100
1138.39,100
1139.8,100
1140.05,100
1140.78,100
1141.05,100
1141.28,100
1143.61,100
1144.02,100
1144.63,100
1145.07,100
1145.58,100
1146.19,100
1146.19,200
1186.92,100
1188.55,100
1189.07,100
1190.03,100
1190.25,100
1193.47,100
1199.32,100
1200.63,100
1200.92,100
1201.32,100
1203.41,100
1205.24,100
1205.43,100
1205.65,100
1208.48,100
1208.61,100
1208.86,100
1209.26,100
1209.37,100
1209.58,100
1209.89,100
1210.65,100
1211.82,100
1212.25,100
1214.51,100
1214.64,100
1214.94,100
1215.53,100
1215.85,100
1215.98,100
1217.39,100
1218.39,100
1218.6,100
1219.14,100
1220.28,100
1223.0,100
1223.28,100
1223.72,100
1224.04,100
1224.82,100
1225.21,100
1226.48,100
1227.06,100
1227.06,200
1252.69,100
1254.33,100
0.0,0
2.01,100
2.01,200
4.32,100
4.7,100
5.02,100
5.02,200
22.25,100
22.64,100
22.88,100
23.14,100
23.88,100
23.88,200
39.2,100
40.5,100
41.32,100
41.72,100
42.03,100
42.77,100
43.04,100
43.04,200
81.02,100
81.54,100
82.32,100
83.06,100
83.37,100
83.64,100
83.92,100
84.35,100
85.59,100
85.59,200
134.43,100
134.67,100
136.97,100
138.19,100
138.47,100
139.96,100
140.16,100
141.24,100
141.76,100
142.05,100
142.79,100
142.79,200
172.04,100
173.16,100
175.08,100
175.7,100
176.68,100
176.95,100
177.24,100
177.54,100
177.78,100
177.81,100
178.28,100
178.71,100
180.38,100
180.38,200
223.08,100
225.48,100
226.14,100
226.5,100
227.02,100
227.19,100
227.28,100
228.04,100
228.16,100
228.62,100
229.77,100
230.21,100
230.54,100
230.84,100
232.16,100
232.16,200
260.32,100
263.11,100
264.44,100
264.72,100
266.12,100
266.84,100
268.67,100
269.09,100
269.59,100
269.75,100
270.03,100
270.08,100
270.99,100
271.47,100
272.12,100
273.2,100
273.86,100
273.86,200
274.16,100
311.11,100
312.05,100
347.75,100
348.33,100
348.67,100
348.99,100
349.79,100
350.13,100
350.65,100
351.58,100
352.01,100
352.35,100
352.47,100
352.52,100
354.05,100
354.96,100
356.6,100
357.37,100
357.37,200
357.66,100
384.79,100
409.43,100
410.5,100
411.9,100
412.16,100
412.31,100
412.65,100
413.06,100
413.25,100
414.26,100
414.84,100
415.43,100
415.85,100
417.64,100
418.08,100
418.37,100
418.58,100
420.05,100
420.39,100
420.79,100
420.79,200
421.25,100
450.35,100
451.17,100
451.49,100
452.63,100
454.55,100
454.76,100
455.07,100
455.26,100
455.5,100
455.92,100
457.29,100
458.31,100
458.71,100
459.08,100
459.18,100
459.42,100
459.73,100
460.27,100
460.75,100
461.05,100
461.56,100
462.38,100
462.38,200
498.51,100
499.44,100
500.2,100
500.49,100
501.71,100
502.21,100
503.54,100
504.25,100
506.13,100
508.11,100
509.53,100
510.1,100
510.4,100
511.13,100
511.61,100
512.02,100
512.33,100
515.03,100
515.18,100
515.51,100
515.82,100
516.14,100
516.56,100
516.97,100
517.37,100
517.37,200
542.06,100
542.57,100
543.63,100
544.01,100
548.25,100
548.66,100
549.72,100
549.92,100
550.21,100
551.13,100
551.4,100
554.0,100
557.09,100
557.58,100
558.39,100
559.63,100
559.96,100
560.22,100
560.43,100
562.74,100
564.58,100
565.11,100
565.42,100
565.85,100
566.58,100
567.45,100
567.84,100
567.84,200
597.88,100
598.76,100
599.3,100
601.28,100
604.42,100
606.99,100
607.95,100
608.11,100
609.24,100
611.42,100
611.97,100
612.25,100
612.47,100
613.17,100
615.6,100
615.83,100
616.21,100
616.53,100
616.76,100
617.17,100
619.12,100
619.8,100
620.4,100
620.96,100
622.95,100
623.31,100
623.61,100
623.9,100
625.31,100
625.31,200
691.07,100
692.74,100
692.96,100
694.18,100
694.37,100
694.56,100
694.99,100
695.4,100
700.38,100
700.71,100
702.73,100
705.43,100
705.81,100
706.61,100
706.78,100
708.01,100
708.5,100
709.42,100
711.02,100
711.26,100
711.8,100
712.23,100
712.88,100
713.52,100
713.93,100
715.41,100
715.94,100
716.51,100
718.52,100
718.98,100
719.32,100
719.32,200
753.47,100
754.6,100
757.71,100
777.37,100
777.59,100
783.87,100
785.53,100
787.17,100
787.39,100
787.54,100
789.49,100
790.36,100
791.25,100
791.78,100
793.7,100
794.17,100
795.89,100
796.44,100
796.68,100
797.11,100
798.0,100
799.64,100
799.99,100
800.61,100
800.93,100
801.18,100
801.53,100
805.05,100
805.66,100
806.6,100
807.97,100
808.47,100
808.85,100
808.85,200
844.5,100
845.63,100
846.24,100
846.41,100
846.87,100
848.38,100
848.66,100
848.94,100
849.13,100
849.77,100
851.46,100
855.88,100
856.07,100
856.26,100
856.49,100
856.99,100
858.12,100
860.35,100
862.26,100
862.59,100
862.83,100
863.27,100
863.5,100
863.76,100
864.28,100
869.06,100
869.24,100
869.7,100
870.07,100
870.12,100
872.32,100
872.79,100
874.11,100
875.41,100
876.1,100
876.1,200
951.41,100
952.34,100
952.56,100
952.87,100
953.12,100
959.2,100
959.66,100
959.89,100
960.09,100
960.27,100
960.43,100
963.58,100
963.76,100
963.95,100
964.12,100
964.27,100
964.42,100
967.35,100
969.68,100
969.93,100
970.11,100
970.3,100
970.84,100
971.11,100
971.9,100
973.26,100
973.59,100
975.33,100
975.53,100
976.26,100
976.59,100
976.89,100
978.49,100
978.85,100
979.39,100
979.72,100
981.6,100
981.6,200
1012.3,100
1012.67,100
1070.73,100
1072.58,100
1073.62,100
1074.33,100
1077.45,100
1077.93,100
1079.43,100
1090.17,100
1090.73,100
1090.91,100
1091.1,100
1091.38,100
1091.73,100
1092.85,100
1093.01,100
1093.9,100
1094.06,100
1096.59,100
1096.79,100
1097.02,100
1097.25,100
1097.86,100
1099.28,100
1102.03,100
1102.23,100
1102.78,100
1103.48,100
1103.9,100
1104.85,100
1105.33,100
1106.58,100
1106.98,100
1107.3,100
1107.81,100
1108.16,100
1108.59,100
1108.9,100
1108.9,200
1169.48,100
1171.03,100
1172.85,100
1173.3,100
1179.54,100
1179.74,100
1183.17,100
1183.9,100
1184.2,100
1184.34,100
1186.05,100
1186.33,100
1188.6,100
1188.95,100
1189.16,100
1189.4,100
1189.69,100
1189.91,100
1190.33,100
1192.19,100
1193.05,100
1194.89,100
1195.17,100
1195.7,100
1196.0,100
1196.27,100
1197.97,100
1198.55,100
1198.89,100
1200.72,100
1201.38,100
1201.73,100
1202.28,100
1202.74,100
1204.39,100
1205.26,100
1205.94,100
1206.48,100
1207.54,100
1208.82,100
1209.34,100
1209.34,200
1251.81,100
1252.01,100
1257.36,100
1257.54,100
1257.68,100
1257.91,100
1258.15,100
1258.4,100
1260.54,100
1264.38,100
1264.55,100
1264.76,100
1264.96,100
1265.24,100
1265.55,100
1267.14,100
1271.74,100
1271.93,100
1272.12,100
1272.29,100
1272.63,100
1272.79,100
1273.34,100
1274.77,100
1277.04,100
1277.3,100
1277.78,100
1278.05,100
1278.28,100
1278.68,100
1282.52,100
1282.76,100
1283.12,100
1283.45,100
1283.79,100
1284.06,100
1284.3,100
1285.28,100
1286.87,100
1287.55,100
1288.1,100
1290.41,100
1291.72,100
1291.72,200
0.0,0
13.68,100
13.68,200
13.87,100
17.4,100
17.67,100
17.67,200
30.86,100
31.55,100
32.02,100
32.4,100
33.66,100
33.66,200
35.95,100
36.29,100
36.61,100
39.3,100
40.75,100
41.16,100
41.47,100
41.47,200
45.39,100
73.58,100
74.01,100
74.31,100
75.24,100
75.71,100
76.05,100
76.55,100
77.29,100
77.29,200
129.01,100
139.99,100
142.83,100
143.19,100
143.78,100
144.99,100
145.49,100
146.03,100
146.47,100
147.03,100
147.62,100
147.62,200
147.73,100
173.6,100
175.82,100
176.11,100
177.07,100
177.9,100
178.15,100
178.42,100
179.16,100
179.95,100
180.77,100
182.03,100
182.5,100
182.5,200
206.03,100
211.13,100
212.1,100
212.49,100
213.19,100
213.73,100
214.37,100
214.88,100
215.36,100
216.8,100
217.38,100
217.69,100
217.97,100
218.43,100
218.91,100
218.91,200
249.73,100
249.89,100
251.16,100
252.35,100
253.27,100
253.61,100
254.11,100
255.89,100
256.58,100
257.07,100
258.26,100
258.55,100
258.86,100
259.46,100
259.9,100
260.75,100
261.59,100
261.59,200
289.9,100
294.38,100
294.62,100
295.02,100
295.26,100
296.19,100
297.11,100
297.91,100
299.72,100
299.97,100
300.53,100
300.88,100
301.27,100
302.84,100
303.39,100
303.87,100
306.84,100
307.24,100
317.7,100
317.7,200
350.74,100
399.81,100
401.22,100
403.45,100
403.87,100
405.84,100
406.05,100
407.35,100
408.22,100
408.57,100
410.22,100
410.78,100
411.24,100
411.6,100
412.43,100
412.78,100
413.29,100
415.71,100
416.16,100
416.44,100
417.0,100
417.0,200
448.15,100
450.39,100
451.11,100
452.54,100
455.01,100
456.18,100
456.51,100
458.71,100
459.45,100
461.31,100
461.63,100
462.01,100
462.41,100
463.36,100
463.71,100
463.75,100
464.91,100
465.43,100
466.41,100
466.97,100
467.56,100
470.71,100
471.11,100
471.11,200
502.8,100
505.8,100
505.98,100
528.66,100
528.73,100
548.68,100
549.08,100
551.15,100
552.87,100
553.14,100
553.4,100
555.69,100
557.22,100
557.43,100
557.73,100
559.35,100
559.67,100
560.02,100
560.51,100
560.86,100
561.42,100
563.28,100
563.59,100
563.89,100
564.2,100
564.2,200
606.09,100
607.44,100
609.28,100
609.52,100
610.79,100
611.05,100
611.92,100
614.27,100
616.77,100
619.11,100
619.66,100
620.95,100
621.64,100
622.01,100
622.17,100
623.9,100
624.52,100
624.61,100
627.08,100
627.56,100
627.8,100
628.28,100
628.74,100
630.22,100
631.25,100
631.67,100
634.29,100
634.29,200
674.38,100
723.26,100
723.51,100
728.0,100
728.35,100
728.63,100
728.87,100
729.08,100
730.8,100
731.53,100
733.08,100
733.35,100
733.56,100
733.75,100
734.04,100
734.5,100
735.1,100
736.62,100
737.34,100
737.59,100
737.97,100
738.25,100
739.59,100
740.41,100
740.8,100
741.14,100
741.45,100
743.43,100
743.73,100
743.73,200
776.42,100
777.4,100
779.63,100
779.89,100
780.82,100
817.76,100
822.19,100
822.44,100
836.81,100
837.16,100
837.48,100
837.69,100
837.89,100
838.15,100
838.74,100
839.27,100
841.91,100
842.11,100
842.71,100
846.52,100
846.75,100
847.05,100
847.52,100
847.89,100
848.25,100
848.63,100
849.4,100
849.93,100
850.39,100
851.55,100
851.94,100
851.94,200
878.19,100
957.41,100
958.92,100
967.44,100
972.72,100
972.95,100
973.2,100
973.41,100
973.89,100
976.08,100
976.23,100
977.06,100
977.35,100
979.71,100
979.99,100
980.3,100
980.91,100
982.38,100
982.72,100
984.1,100
984.58,100
984.94,100
985.62,100
986.49,100
986.99,100
988.3,100
988.99,100
989.58,100
991.7,100
992.14,100
992.52,100
992.75,100
993.12,100
993.12,200
0.0,0
3.47,100
3.47,200
5.77,100
6.11,100
8.17,100
8.17,200
10.35,100
11.59,100
12.73,100
14.11,100
14.9,100
14.9,200
18.17,100
19.63,100
19.97,100
20.27,100
24.29,100
25.3,100
26.21,100
26.21,200
57.89,100
58.45,100
59.1,100
60.1,100
62.1,100
62.41,100
62.74,100
64.23,100
64.69,100
64.69,200
84.52,100
85.1,100
90.82,100
93.09,100
93.35,100
93.67,100
94.39,100
95.48,100
97.0,100
97.24,100
97.53,100
97.53,200
114.1,100
116.49,100
118.45,100
123.78,100
125.47,100
125.78,100
126.87,100
127.26,100
129.2,100
129.56,100
129.92,100
130.98,100
132.29,100
132.29,200
191.08,100
191.4,100
191.79,100
192.81,100
194.25,100
194.43,100
194.65,100
195.07,100
196.05,100
197.06,100
197.6,100
199.26,100
199.56,100
199.95,100
200.28,100
200.28,200
217.03,100
217.44,100
220.61,100
223.01,100
224.07,100
224.22,100
225.82,100
228.08,100
228.71,100
228.93,100
229.97,100
230.37,100
231.18,100
232.49,100
234.68,100
234.96,100
235.32,100
235.32,200
270.03,100
287.6,100
288.19,100
292.18,100
295.53,100
297.75,100
298.13,100
298.31,100
298.54,100
301.26,100
301.45,100
301.7,100
302.01,100
302.76,100
303.07,100
303.33,100
304.09,100
305.88,100
306.3,100
306.3,200
410.57,100
412.68,100
416.32,100
423.65,100
426.47,100
427.65,100
428.06,100
428.31,100
428.49,100
430.17,100
430.55,100
430.79,100
431.02,100
433.02,100
434.3,100
436.38,100
436.74,100
437.05,100
437.57,100
438.1,100
438.48,100
438.48,200
479.68,100
480.92,100
486.91,100
492.4,100
492.94,100
495.69,100
499.84,100
500.13,100
500.5,100
500.71,100
501.26,100
501.95,100
502.24,100
503.75,100
503.97,100
504.18,100
504.57,100
505.43,100
505.76,100
506.22,100
506.51,100
508.93,100
509.44,100
509.44,200
0.0,0
6.23,100
6.23,200
8.34,100
8.96,100
9.68,100
9.68,200
28.12,100
28.57,100
29.6,100
30.62,100
31.17,100
31.17,200
70.56,100
72.32,100
73.12,100
73.46,100
73.61,100
73.87,100
75.05,100
75.05,200
90.1,100
90.44,100
92.9,100
93.29,100
93.49,100
93.84,100
94.05,100
94.26,100
94.54,100
94.54,200
117.44,100
118.42,100
118.79,100
119.69,100
120.25,100
120.48,100
120.65,100
122.63,100
123.08,100
123.8,100
124.51,100
124.51,200
137.02,100
137.49,100
138.61,100
139.79,100
140.33,100
140.73,100
141.04,100
141.26,100
141.54,100
141.89,100
144.08,100
145.46,100
146.0,100
146.0,200
165.87,100
168.77,100
169.9,100
171.29,100
173.82,100
175.67,100
176.78,100
177.18,100
177.39,100
177.71,100
178.21,100
178.56,100
179.59,100
180.05,100
180.64,100
180.64,200
239.16,100
241.99,100
242.32,100
242.62,100
243.07,100
244.07,100
244.59,100
245.95,100
246.2,100
246.47,100
246.92,100
247.46,100
247.81,100
247.95,100
249.57,100
249.81,100
250.27,100
250.27,200
271.48,100
272.79,100
272.96,100
275.24,100
279.91,100
280.98,100
282.72,100
284.1,100
284.6,100
285.13,100
286.55,100
286.82,100
287.28,100
288.02,100
289.75,100
290.01,100
290.36,100
290.79,100
292.18,100
292.18,200
359.23,100
360.27,100
362.0,100
362.3,100
362.65,100
366.72,100
366.96,100
367.15,100
367.31,100
367.49,100
368.73,100
369.1,100
369.98,100
371.21,100
371.96,100
372.25,100
373.15,100
373.44,100
373.74,100
375.64,100
375.97,100
375.97,200
396.3,100
404.35,100
404.54,100
404.79,100
405.14,100
405.34,100
405.7,100
405.95,100
407.45,100
408.82,100
409.64,100
410.17,100
410.5,100
411.99,100
412.68,100
413.98,100
415.15,100
415.39,100
415.9,100
416.09,100
417.08,100
417.89,100
419.06,100
419.06,200
419.2,100
461.72,100
517.82,100
522.15,100
522.61,100
522.86,100
523.05,100
523.25,100
523.99,100
525.26,100
525.7,100
526.19,100
529.13,100
529.3,100
529.56,100
529.99,100
530.21,100
530.47,100
530.86,100
531.34,100
533.71,100
534.22,100
536.23,100
536.64,100
536.98,100
536.98,200
565.04,100
565.32,100
571.09,100
571.26,100
572.38,100
572.85,100
573.53,100
574.81,100
576.09,100
576.46,100
576.7,100
577.16,100
578.79,100
579.2,100
579.6,100
580.14,100
582.03,100
582.37,100
582.58,100
583.6,100
584.14,100
584.5,100
585.02,100
585.95,100
586.42,100
587.23,100
588.21,100
588.21,200
664.87,100
667.53,100
667.79,100
668.17,100
668.37,100
668.77,100
670.08,100
671.73,100
672.11,100
672.5,100
673.29,100
673.69,100
674.07,100
674.34,100
674.77,100
676.64,100
676.96,100
677.25,100
677.57,100
678.0,100
678.46,100
678.66,100
679.08,100
679.49,100
679.71,100
679.91,100
680.51,100
680.97,100
681.26,100
681.26,200
721.37,100
729.39,100
734.91,100
735.15,100
737.46,100
737.81,100
738.19,100
738.59,100
740.48,100
741.35,100
741.66,100
742.47,100
743.03,100
743.87,100
744.03,100
744.21,100
744.54,100
744.82,100
745.11,100
745.49,100
746.04,100
748.11,100
748.54,100
748.99,100
749.42,100
749.99,100
750.38,100
753.03,100
753.53,100
756.2,100
756.63,100
756.63,200
778.49,100
784.6,100
820.01,100
833.3,100
833.89,100
835.27,100
836.48,100
836.77,100
840.06,100
840.37,100
845.32,100
849.56,100
849.68,100
849.95,100
850.14,100
853.52,100
854.61,100
856.56,100
858.65,100
859.03,100
859.33,100
859.73,100
860.02,100
860.31,100
860.64,100
861.34,100
861.93,100
862.32,100
862.55,100
862.71,100
863.23,100
863.65,100
864.15,100
864.15,200
886.94,100
0.0,0
3.96,100
3.96,200
35.1,100
38.13,100
38.54,100
38.54,200
86.13,100
86.92,100
87.53,100
87.8,100
88.28,100
88.28,200
96.98,100
97.63,100
101.68,100
102.13,100
103.25,100
103.65,100
104.34,100
104.34,200
114.42,100
118.07,100
127.36,100
129.79,100
130.98,100
133.78,100
134.77,100
135.1,100
135.48,100
135.48,200
181.16,100
185.17,100
185.87,100
186.21,100
186.4,100
186.69,100
188.4,100
188.97,100
189.45,100
190.1,100
190.66,100
190.66,200
213.1,100
213.88,100
215.53,100
218.85,100
223.19,100
223.53,100
223.86,100
224.03,100
224.27,100
224.58,100
225.29,100
225.59,100
225.85,100
225.85,200
226.1,100
320.16,100
322.62,100
388.29,100
388.83,100
389.66,100
393.7,100
394.07,100
395.25,100
396.52,100
396.88,100
397.3,100
397.92,100
399.78,100
400.24,100
400.24,200
459.05,100
465.4,100
564.66,100
0.0,0
4.21,100
4.21,200
9.08,100
9.51,100
10.29,100
10.29,200
13.88,100
14.2,100
14.53,100
16.14,100
17.18,100
17.18,200
17.34,100
35.22,100
35.74,100
37.41,100
37.64,100
37.97,100
39.47,100
39.47,200
45.91,100
48.24,100
72.29,100
74.11,100
74.52,100
74.93,100
76.22,100
76.59,100
76.94,100
76.94,200
103.54,100
103.79,100
104.42,100
104.72,100
105.85,100
106.19,100
107.81,100
108.06,100
108.42,100
109.48,100
109.95,100
109.95,200
180.93,100
183.9,100
185.84,100
187.08,100
187.48,100
187.81,100
188.43,100
188.9,100
189.45,100
189.84,100
190.04,100
190.24,100
191.51,100
191.51,200
219.64,100
220.16,100
221.73,100
224.48,100
224.83,100
225.04,100
225.32,100
225.78,100
226.99,100
227.73,100
230.62,100
231.07,100
231.34,100
231.89,100
232.31,100
232.31,200
275.88,100
277.95,100
278.83,100
280.19,100
280.6,100
280.82,100
281.14,100
282.72,100
282.96,100
283.54,100
284.67,100
284.99,100
285.32,100
285.91,100
286.43,100
286.83,100
287.06,100
287.06,200
318.8,100
320.02,100
352.84,100
354.09,100
376.24,100
379.11,100
379.53,100
379.96,100
380.34,100
383.26,100
383.51,100
383.67,100
384.11,100
384.49,100
384.76,100
386.55,100
386.98,100
387.3,100
388.33,100
388.33,200
0.0,0
10.38,100
10.38,200
13.19,100
16.28,100
17.43,100
17.43,200
44.78,100
46.86,100
47.56,100
48.66,100
48.92,100
48.92,200
66.38,100
68.23,100
68.6,100
68.9,100
70.62,100
71.55,100
72.29,100
72.29,200
114.54,100
116.37,100
118.11,100
119.15,100
119.81,100
120.18,100
121.97,100
122.34,100
122.67,100
122.67,200
172.53,100
178.35,100
179.72,100
180.15,100
182.62,100
183.04,100
183.37,100
183.67,100
184.14,100
184.43,100
184.82,100
184.82,200
212.81,100
213.9,100
215.48,100
215.76,100
217.8,100
218.84,100
219.96,100
220.27,100
220.54,100
220.62,100
220.82,100
221.78,100
222.29,100
222.29,200
247.82,100
258.33,100
258.78,100
260.65,100
262.49,100
263.58,100
263.97,100
264.32,100
264.62,100
264.87,100
265.37,100
266.54,100
267.45,100
267.87,100
268.64,100
268.64,200
355.96,100
356.14,100
357.51,100
359.66,100
360.07,100
360.31,100
360.54,100
363.62,100
363.75,100
364.02,100
364.32,100
364.52,100
365.11,100
365.48,100
365.88,100
367.02,100
367.32,100
367.32,200
402.02,100
406.52,100
407.1,100
407.35,100
407.65,100
408.63,100
409.56,100
409.86,100
412.2,100
412.44,100
412.79,100
413.06,100
413.72,100
414.2,100
414.59,100
415.03,100
415.56,100
415.83,100
416.24,100
416.24,200
442.19,100
445.8,100
446.07,100
446.54,100
448.23,100
449.13,100
450.74,100
450.93,100
453.76,100
454.0,100
454.41,100
454.71,100
455.49,100
456.25,100
458.36,100
458.66,100
459.45,100
460.01,100
460.39,100
460.87,100
462.1,100
462.1,200
512.17,100
512.36,100
515.68,100
520.14,100
520.24,100
521.38,100
522.65,100
522.85,100
523.2,100
524.03,100
524.65,100
525.87,100
526.37,100
526.53,100
528.15,100
528.6,100
528.98,100
529.81,100
530.28,100
530.69,100
531.33,100
531.78,100
532.03,100
532.03,200
610.24,100
611.14,100
614.85,100
616.84,100
619.59,100
619.81,100
620.08,100
620.44,100
622.57,100
622.85,100
623.46,100
624.01,100
624.39,100
625.51,100
626.07,100
626.42,100
627.15,100
627.48,100
628.24,100
628.45,100
628.49,100
630.29,100
631.28,100
632.67,100
633.76,100
633.76,200
706.1,100
706.33,100
708.29,100
708.99,100
711.59,100
713.7,100
715.42,100
715.79,100
716.13,100
717.66,100
718.19,100
718.52,100
718.98,100
719.46,100
719.6,100
722.14,100
722.89,100
723.31,100
724.19,100
724.92,100
725.48,100
725.75,100
726.09,100
729.72,100
730.36,100
731.53,100
731.93,100
731.93,200
0.0,0
5.11,100
5.11,200
7.57,100
7.76,100
11.86,100
11.86,200
16.5,100
16.75,100
17.44,100
17.84,100
18.18,100
18.18,200
45.3,100
47.78,100
47.95,100
48.2,100
48.63,100
49.17,100
49.69,100
49.69,200
58.56,100
58.97,100
59.14,100
59.4,100
59.97,100
61.82,100
62.13,100
62.53,100
62.79,100
62.79,200
112.28,100
115.03,100
115.24,100
115.59,100
115.84,100
116.06,100
116.69,100
117.0,100
117.37,100
118.07,100
118.49,100
118.49,200
157.61,100
158.77,100
159.04,100
161.14,100
161.45,100
161.68,100
161.99,100
162.15,100
163.72,100
164.38,100
164.99,100
166.06,100
166.59,100
166.59,200
197.1,100
199.64,100
200.13,100
200.3,100
204.73,100
204.93,100
205.29,100
206.22,100
206.66,100
206.89,100
207.24,100
208.69,100
209.31,100
209.86,100
210.38,100
210.38,200
235.4,100
243.6,100
247.73,100
247.94,100
248.44,100
248.66,100
248.87,100
249.35,100
250.76,100
251.04,100
252.67,100
252.85,100
253.26,100
253.63,100
253.99,100
254.45,100
255.03,100
255.03,200
301.84,100
306.6,100
311.84,100
312.09,100
313.09,100
314.61,100
316.05,100
316.27,100
316.53,100
317.26,100
317.59,100
317.99,100
321.05,100
323.94,100
325.36,100
325.72,100
326.07,100
326.38,100
327.18,100
327.18,200
354.9,100
356.57,100
394.19,100
395.4,100
395.63,100
396.03,100
396.48,100
398.83,100
399.23,100
399.5,100
399.85,100
401.18,100
402.55,100
403.21,100
403.44,100
403.77,100
404.09,100
404.35,100
405.02,100
405.92,100
406.11,100
406.11,200
434.59,100
436.68,100
438.58,100
440.19,100
445.75,100
446.01,100
446.35,100
446.62,100
446.81,100
449.09,100
449.58,100
452.24,100
453.2,100
453.31,100
453.56,100
453.89,100
454.19,100
456.77,100
457.29,100
457.89,100
459.79,100
460.08,100
460.39,100
460.39,200
539.97,100
557.01,100
562.89,100
563.2,100
563.47,100
564.77,100
566.94,100
567.14,100
567.37,100
567.72,100
568.01,100
568.35,100
568.46,100
569.82,100
570.3,100
570.82,100
571.01,100
572.73,100
572.91,100
573.23,100
573.52,100
573.8,100
574.03,100
574.65,100
574.87,100
574.87,200
613.2,100
615.0,100
679.81,100
680.55,100
681.72,100
683.2,100
686.41,100
686.76,100
688.28,100
689.87,100
690.36,100
690.58,100
690.92,100
691.18,100
691.44,100
691.67,100
692.17,100
692.35,100
694.33,100
694.74,100
694.94,100
695.17,100
695.33,100
695.67,100
700.02,100
700.22,100
700.42,100
700.42,200
798.06,100
798.28,100
798.53,100
798.83,100
799.04,100
799.26,100
799.73,100
803.33,100
804.4,100
808.31,100
808.68,100
808.89,100
809.12,100
809.38,100
809.56,100
812.94,100
813.12,100
813.45,100
813.71,100
813.98,100
814.35,100
814.72,100
815.03,100
815.22,100
816.12,100
816.48,100
816.99,100
817.5,100
818.56,100
818.56,200
869.91,100
871.26,100
871.55,100
873.68,100
878.18,100
878.45,100
878.63,100
878.96,100
879.18,100
884.18,100
888.92,100
891.3,100
891.52,100
891.77,100
892.52,100
892.73,100
893.05,100
893.33,100
893.93,100
894.29,100
894.59,100
899.52,100
899.97,100
900.3,100
900.61,100
901.52,100
901.91,100
902.33,100
902.6,100
903.16,100
906.32,100
906.32,200
991.23,100
993.21,100
993.7,100
996.76,100
997.48,100
998.14,100
1000.12,100
1006.78,100
1011.85,100
1018.49,100
1018.81,100
1018.94,100
1019.32,100
1019.59,100
1019.87,100
1020.16,100
1024.86,100
1025.18,100
1025.52,100
1026.38,100
1026.77,100
1027.17,100
1027.72,100
1029.64,100
1030.09,100
1030.47,100
1030.73,100
1031.46,100
1034.46,100
1035.05,100
1037.55,100
1037.93,100
1038.42,100
1038.42,200
1105.17,100
1121.61,100
1122.35,100
1122.7,100
1125.1,100
1125.33,100
1130.39,100
1130.61,100
1133.56,100
1135.34,100
1137.06,100
1138.2,100
1138.94,100
1141.84,100
1142.81,100
1143.11,100
1147.12,100
1147.35,100
1147.63,100
1147.84,100
1152.99,100
1153.22,100
1153.53,100
1153.85,100
1154.12,100
1154.54,100
1155.43,100
1155.78,100
1156.18,100
1156.48,100
1158.49,100
1158.9,100
1159.2,100
1159.83,100
1160.21,100
1160.21,200
1189.74,100
1280.75,100
1280.89,100
0.0,0
4.38,100
4.38,200
6.91,100
7.14,100
8.1,100
8.1,200
17.25,100
18.03,100
18.37,100
18.76,100
19.21,100
19.21,200
21.3,100
21.56,100
21.95,100
25.94,100
26.12,100
26.62,100
27.75,100
27.75,200
86.89,100
89.26,100
89.42,100
89.97,100
90.5,100
90.98,100
91.48,100
93.77,100
94.04,100
94.04,200
129.17,100
129.92,100
130.67,100
130.94,100
131.27,100
131.69,100
133.16,100
133.33,100
133.56,100
133.78,100
134.16,100
134.16,200
156.15,100
159.74,100
160.25,100
160.46,100
160.74,100
161.19,100
161.84,100
162.54,100
163.18,100
164.61,100
164.9,100
165.15,100
165.78,100
165.78,200
193.11,100
194.45,100
195.6,100
196.83,100
197.76,100
198.98,100
199.13,100
199.38,100
200.39,100
202.07,100
202.31,100
202.64,100
203.44,100
203.84,100
204.11,100
204.11,200
204.43,100
204.48,100
251.8,100
281.18,100
282.05,100
284.36,100
284.55,100
284.79,100
284.99,100
286.07,100
287.45,100
288.61,100
288.72,100
289.02,100
289.32,100
290.04,100
290.47,100
290.47,200
323.69,100
325.46,100
326.78,100
326.95,100
327.91,100
328.09,100
328.39,100
328.62,100
328.91,100
329.59,100
331.4,100
331.94,100
332.15,100
332.42,100
332.83,100
333.14,100
333.43,100
335.34,100
336.16,100
336.16,200
366.85,100
370.28,100
370.51,100
371.87,100
377.64,100
380.26,100
380.92,100
383.0,100
383.19,100
383.39,100
383.77,100
383.88,100
385.05,100
385.75,100
386.47,100
386.92,100
387.84,100
388.9,100
389.04,100
389.39,100
389.66,100
389.66,200
420.48,100
447.96,100
473.88,100
474.07,100
475.56,100
476.13,100
478.3,100
478.73,100
479.7,100
481.3,100
481.48,100
481.74,100
482.37,100
482.6,100
482.86,100
483.21,100
484.33,100
484.68,100
485.39,100
485.74,100
487.17,100
487.65,100
488.44,100
488.44,200
488.6,100
521.03,100
521.75,100
522.34,100
522.62,100
522.88,100
523.18,100
523.42,100
523.67,100
524.31,100
527.25,100
528.64,100
528.77,100
529.01,100
529.18,100
529.49,100
529.83,100
531.04,100
531.35,100
531.7,100
532.01,100
532.36,100
532.83,100
533.35,100
534.91,100
534.91,200
590.17,100
590.96,100
591.71,100
593.65,100
597.02,100
598.07,100
603.01,100
603.21,100
603.4,100
603.9,100
605.6,100
606.16,100
606.58,100
607.03,100
607.8,100
609.11,100
609.34,100
609.64,100
609.94,100
611.06,100
611.31,100
612.27,100
612.84,100
613.25,100
614.15,100
614.92,100
616.33,100
616.33,200
698.75,100
698.99,100
699.22,100
699.49,100
700.86,100
702.11,100
703.3,100
704.1,100
705.73,100
710.91,100
711.54,100
711.68,100
711.92,100
712.2,100
712.68,100
713.53,100
715.41,100
715.64,100
715.97,100
716.81,100
717.24,100
717.78,100
718.51,100
718.96,100
719.53,100
720.91,100
721.17,100
721.79,100
723.05,100
723.05,200
757.88,100
759.01,100
759.46,100
759.82,100
761.28,100
761.65,100
761.9,100
762.99,100
763.21,100
765.72,100
766.21,100
766.43,100
766.63,100
766.83,100
767.09,100
771.1,100
778.08,100
778.42,100
779.35,100
781.2,100
782.79,100
783.02,100
783.22,100
783.47,100
784.16,100
784.52,100
784.83,100
785.1,100
785.23,100
786.66,100
787.35,100
787.35,200
787.54,100
834.77,100
834.98,100
835.42,100
842.08,100
842.78,100
846.05,100
846.21,100
847.51,100
852.13,100
852.35,100
852.67,100
853.21,100
853.44,100
857.73,100
858.56,100
0.0,0
20.97,100
20.97,200
23.38,100
23.83,100
25.45,100
25.45,200
30.55,100
30.96,100
31.77,100
32.12,100
32.9,100
32.9,200
69.71,100
71.77,100
73.42,100
73.58,100
74.01,100
75.61,100
76.09,100
76.09,200
119.84,100
149.73,100
152.05,100
152.48,100
152.83,100
154.05,100
154.31,100
154.45,100
155.06,100
155.06,200
180.47,100
185.31,100
185.77,100
186.64,100
187.37,100
187.46,100
187.8,100
188.1,100
188.46,100
188.71,100
188.9,100
188.9,200
191.39,100
191.85,100
192.2,100
193.94,100
195.79,100
196.21,100
196.77,100
197.07,100
197.37,100
197.97,100
198.54,100
200.78,100
201.3,100
201.3,200
260.24,100
261.18,100
263.25,100
264.4,100
264.81,100
265.45,100
265.69,100
265.97,100
266.27,100
266.39,100
266.81,100
267.17,100
268.34,100
268.83,100
269.69,100
269.69,200
339.11,100
340.51,100
342.56,100
346.04,100
346.23,100
346.45,100
346.65,100
346.87,100
347.16,100
347.35,100
347.62,100
347.82,100
348.92,100
349.4,100
349.48,100
350.04,100
350.69,100
350.69,200
350.82,100
440.42,100
440.55,100
440.9,100
441.9,100
444.71,100
445.06,100
445.37,100
445.88,100
446.27,100
446.56,100
447.07,100
447.54,100
448.07,100
448.45,100
448.75,100
450.18,100
450.68,100
451.17,100
451.17,200
473.0,100
473.67,100
478.38,100
479.63,100
479.75,100
483.1,100
483.58,100
483.79,100
484.04,100
484.26,100
488.26,100
489.46,100
490.99,100
491.47,100
491.75,100
492.03,100
492.45,100
492.9,100
493.36,100
494.08,100
494.57,100
494.57,200
569.64,100
570.29,100
570.48,100
574.39,100
575.57,100
576.09,100
579.02,100
579.26,100
579.5,100
579.79,100
581.99,100
582.08,100
582.34,100
582.75,100
583.18,100
583.67,100
584.78,100
585.43,100
585.61,100
585.91,100
586.34,100
586.63,100
587.03,100
587.03,200
633.25,100
633.67,100
634.47,100
635.69,100
639.51,100
643.71,100
645.52,100
645.77,100
646.21,100
647.57,100
647.92,100
648.28,100
648.65,100
649.14,100
649.66,100
651.51,100
652.23,100
652.48,100
652.8,100
653.04,100
653.29,100
654.31,100
654.58,100
656.57,100
657.02,100
657.02,200
657.55,100
759.2,100
760.48,100
762.02,100
766.3,100
766.51,100
766.8,100
767.31,100
767.53,100
767.82,100
767.93,100
768.2,100
769.44,100
769.68,100
770.22,100
770.93,100
772.94,100
773.17,100
773.48,100
773.76,100
774.18,100
774.46,100
774.83,100
776.46,100
776.62,100
777.05,100
777.59,100
777.59,200
817.71,100
818.28,100
818.71,100
821.99,100
824.19,100
824.52,100
824.74,100
825.04,100
826.48,100
833.52,100
834.33,100
834.48,100
834.7,100
835.01,100
836.3,100
836.92,100
837.67,100
837.95,100
838.95,100
839.26,100
839.38,100
839.75,100
840.05,100
840.39,100
842.12,100
842.57,100
843.44,100
843.96,100
845.13,100
845.13,200
0.0,0
2.36,100
2.36,200
6.83,100
7.35,100
8.36,100
8.36,200
20.77,100
21.1,100
24.15,100
24.79,100
25.27,100
25.27,200
34.14,100
34.62,100
34.79,100
35.87,100
37.07,100
37.51,100
38.32,100
38.32,200
61.43,100
61.97,100
62.26,100
62.46,100
63.09,100
64.27,100
64.72,100
65.15,100
65.52,100
65.52,200
87.71,100
90.58,100
91.3,100
91.6,100
91.85,100
92.29,100
92.34,100
93.92,100
94.43,100
95.77,100
97.13,100
97.13,200
135.41,100
135.68,100
136.44,100
136.68,100
136.88,100
137.18,100
138.2,100
138.97,100
139.31,100
140.2,100
141.93,100
142.57,100
142.92,100
142.92,200
165.9,100
166.36,100
167.28,100
169.28,100
170.33,100
170.89,100
171.41,100
171.62,100
171.9,100
172.19,100
174.3,100
174.84,100
175.87,100
176.66,100
176.83,100
176.83,200
202.91,100
207.57,100
208.06,100
209.2,100
210.96,100
212.16,100
212.94,100
213.25,100
213.82,100
214.42,100
215.62,100
215.76,100
216.36,100
216.84,100
217.11,100
217.45,100
219.62,100
219.62,200
265.0,100
265.7,100
266.03,100
266.23,100
266.66,100
268.54,100
269.09,100
269.89,100
270.2,100
270.5,100
270.76,100
271.45,100
271.84,100
273.33,100
273.75,100
274.11,100
274.98,100
275.52,100
276.04,100
276.04,200
317.19,100
317.82,100
322.93,100
323.54,100
323.73,100
323.96,100
324.45,100
326.02,100
326.49,100
327.0,100
327.43,100
327.7,100
328.37,100
328.7,100
329.08,100
329.37,100
329.73,100
330.39,100
330.8,100
331.09,100
331.31,100
331.31,200
356.21,100
391.16,100
392.67,100
392.88,100
394.45,100
394.9,100
396.04,100
396.29,100
397.62,100
397.79,100
398.05,100
399.22,100
401.28,100
401.53,100
402.29,100
403.23,100
404.77,100
405.24,100
409.85,100
410.6,100
410.83,100
411.24,100
412.29,100
412.29,200
508.69,100
511.17,100
512.47,100
512.73,100
513.02,100
513.23,100
513.71,100
514.76,100
517.88,100
518.07,100
518.31,100
518.55,100
519.04,100
520.01,100
520.43,100
521.18,100
521.44,100
523.23,100
523.7,100
524.08,100
524.55,100
525.06,100
525.79,100
528.26,100
529.7,100
529.7,200
544.16,100
553.93,100
555.69,100
555.98,100
556.25,100
556.43,100
556.59,100
558.59,100
559.23,100
560.8,100
562.38,100
562.75,100
563.07,100
563.34,100
565.16,100
565.33,100
566.04,100
566.48,100
566.86,100
567.29,100
568.52,100
569.17,100
569.44,100
569.6,100
570.32,100
572.13,100
572.54,100
572.54,200
609.29,100
609.69,100
612.85,100
614.62,100
625.03,100
645.15,100
645.47,100
647.57,100
647.75,100
649.73,100
650.01,100
650.31,100
650.86,100
651.14,100
651.77,100
653.05,100
653.45,100
653.63,100
655.17,100
655.5,100
655.86,100
656.21,100
656.57,100
657.56,100
658.24,100
660.16,100
660.28,100
660.77,100
661.05,100
661.05,200
689.02,100
689.71,100
691.18,100
695.62,100
695.91,100
696.21,100
696.53,100
696.78,100
699.74,100
699.95,100
700.17,100
700.37,100
700.62,100
700.87,100
703.89,100
705.43,100
705.6,100
705.83,100
706.1,100
706.45,100
707.3,100
707.8,100
708.13,100
708.45,100
710.48,100
710.98,100
711.57,100
714.22,100
714.44,100
714.96,100
715.31,100
715.31,200
779.79,100
780.09,100
780.24,100
780.52,100
780.81,100
783.91,100
784.3,100
784.54,100
784.75,100
784.87,100
785.26,100
788.52,100
788.72,100
788.95,100
789.32,100
790.14,100
791.94,100
794.32,100
794.62,100
794.8,100
794.98,100
795.21,100
795.88,100
796.25,100
796.63,100
796.92,100
798.4,100
799.01,100
800.82,100
801.41,100
801.71,100
802.01,100
802.25,100
802.25,200
842.23,100
843.76,100
843.98,100
844.19,100
844.5,100
847.28,100
848.04,100
848.31,100
848.56,100
849.17,100
849.5,100
849.73,100
850.07,100
852.12,100
854.88,100
855.15,100
855.35,100
855.57,100
855.91,100
858.35,100
858.67,100
858.91,100
859.28,100
863.64,100
863.86,100
864.33,100
864.62,100
864.94,100
865.32,100
865.98,100
866.47,100
870.1,100
872.23,100
872.41,100
872.91,100
872.91,200
911.38,100
912.94,100
913.86,100
914.08,100
927.7,100
927.85,100
931.96,100
932.15,100
933.19,100
935.18,100
938.17,100
938.41,100
938.63,100
938.93,100
943.47,100
943.65,100
944.19,100
947.46,100
949.81,100
950.05,100
950.38,100
950.77,100
952.28,100
952.61,100
953.08,100
954.23,100
954.87,100
957.1,100
957.58,100
960.12,100
960.58,100
961.61,100
962.32,100
962.66,100
964.68,100
965.41,100
968.99,100
968.99,200
1075.29,100
1076.61,100
1078.23,100
1080.04,100
1083.96,100
1085.76,100
1086.17,100
1086.73,100
1089.03,100
1089.26,100
1089.55,100
1089.92,100
1091.48,100
1092.98,100
1095.6,100
1095.94,100
1096.17,100
1096.49,100
1096.69,100
1097.22,100
1099.0,100
1101.16,100
1102.04,100
1103.3,100
1103.68,100
1104.03,100
1109.14,100
1109.63,100
1110.04,100
1111.13,100
1111.51,100
1116.75,100
1117.3,100
1117.62,100
1117.87,100
1118.72,100
1119.81,100
1121.44,100
1122.25,100
1122.25,200
1145.86,100
1173.66,100
1175.12,100
1179.54,100
1179.75,100
1180.17,100
1180.38,100
1181.38,100
1183.78,100
1190.11,100
1190.33,100
1190.87,100
1193.72,100
1195.41,100
1195.56,100
1195.87,100
1196.21,100
1197.98,100
1198.81,100
1201.41,100
1201.79,100
1202.07,100
1203.71,100
1204.19,100
1204.53,100
1204.77,100
1205.51,100
1206.03,100
1208.69,100
1209.74,100
1211.56,100
1212.15,100
1212.57,100
1212.74,100
1213.45,100
1214.16,100
1214.44,100
1216.76,100
1219.18,100
1219.67,100
1220.0,100
1220.0,200
1261.08,100
1261.47,100
1264.32,100
1266.6,100
1267.68,100
1272.35,100
1272.87,100
1273.13,100
1274.3,100
1280.79,100
1281.44,100
1283.56,100
1284.5,100
1284.67,100
1285.29,100
1288.08,100
1288.63,100
1290.49,100
1290.86,100
1291.13,100
1292.05,100
1292.45,100
1294.56,100
1295.28,100
1297.22,100
1297.6,100
1298.21,100
1301.52,100
1304.07,100
1304.43,100
1305.5,100
1306.55,100
1306.86,100
1309.44,100
1311.55,100
1311.96,100
1312.59,100
1314.27,100
1314.94,100
1322.31,100
1322.88,100
1323.16,100
1327.58,100
1327.58,200
1429.33,100
1502.35,100
1561.77,100
0.0,0
3.09,100
3.09,200
7.44,100
7.68,100
8.93,100
8.93,200
35.53,100
35.62,100
36.05,100
36.95,100
37.14,100
37.14,200
50.1,100
51.54,100
53.2,100
53.46,100
53.85,100
55.35,100
55.55,100
55.55,200
83.91,100
84.85,100
85.69,100
86.01,100
87.18,100
87.96,100
89.4,100
90.05,100
90.46,100
90.46,200
162.02,100
162.91,100
163.62,100
164.92,100
165.49,100
166.04,100
166.44,100
167.21,100
167.61,100
168.55,100
169.06,100
169.06,200
196.55,100
198.82,100
201.04,100
201.31,100
201.65,100
201.91,100
202.26,100
204.09,100
204.41,100
205.03,100
205.53,100
207.32,100
207.75,100
207.75,200
236.33,100
237.81,100
238.03,100
239.07,100
240.75,100
242.82,100
242.94,100
243.13,100
243.46,100
244.07,100
244.81,100
246.24,100
246.56,100
246.94,100
247.31,100
247.31,200
284.99,100
287.16,100
287.5,100
287.68,100
288.02,100
288.27,100
288.5,100
289.61,100
290.92,100
291.03,100
292.27,100
292.7,100
293.44,100
293.94,100
294.24,100
294.65,100
294.81,100
294.81,200
345.47,100
345.8,100
346.02,100
347.47,100
347.66,100
347.86,100
348.84,100
349.5,100
349.94,100
351.04,100
351.6,100
351.89,100
352.18,100
353.78,100
354.25,100
355.42,100
355.93,100
356.48,100
357.88,100
357.88,200
358.34,100
386.94,100
395.52,100
395.91,100
396.07,100
396.33,100
396.53,100
396.73,100
397.33,100
397.85,100
399.03,100
399.43,100
400.14,100
400.43,100
400.59,100
400.91,100
401.29,100
401.65,100
403.23,100
403.65,100
404.07,100
404.07,200
406.99,100
407.46,100
407.73,100
411.79,100
412.21,100
412.54,100
412.82,100
414.69,100
415.15,100
415.52,100
418.67,100
420.82,100
421.32,100
421.37,100
421.89,100
422.65,100
423.45,100
423.76,100
426.63,100
430.71,100
431.31,100
431.55,100
432.93,100
432.93,200
485.37,100
488.8,100
489.41,100
489.56,100
489.76,100
490.77,100
494.79,100
496.16,100
496.47,100
496.68,100
496.88,100
497.01,100
497.4,100
497.83,100
499.23,100
500.29,100
500.71,100
501.24,100
501.7,100
502.41,100
502.77,100
504.9,100
505.32,100
505.57,100
505.89,100
505.89,200
532.99,100
533.72,100
535.38,100
536.28,100
536.89,100
537.15,100
537.34,100
537.54,100
537.84,100
538.25,100
539.19,100
539.74,100
541.0,100
541.26,100
541.51,100
541.69,100
541.86,100
542.59,100
544.02,100
544.48,100
544.79,100
545.24,100
547.55,100
547.74,100
548.0,100
548.28,100
548.49,100
548.49,200
614.76,100
615.02,100
615.59,100
618.02,100
621.68,100
621.91,100
622.14,100
622.48,100
622.98,100
623.47,100
623.58,100
625.22,100
625.93,100
626.2,100
627.77,100
628.03,100
628.25,100
628.52,100
628.79,100
629.05,100
630.24,100
630.7,100
632.04,100
633.04,100
633.39,100
634.62,100
637.0,100
637.32,100
637.58,100
637.58,200
691.33,100
692.93,100
697.13,100
698.71,100
698.88,100
699.81,100
700.51,100
702.91,100
703.13,100
703.37,100
703.74,100
703.98,100
704.62,100
706.1,100
706.47,100
707.12,100
708.57,100
708.82,100
709.02,100
709.18,100
709.32,100
709.47,100
709.68,100
711.64,100
712.06,100
712.68,100
714.78,100
715.13,100
715.4,100
716.43,100
717.27,100
717.27,200
717.63,100
765.62,100
766.21,100
766.54,100
766.71,100
766.91,100
767.13,100
769.9,100
776.14,100
776.35,100
777.18,100
779.86,100
784.37,100
784.65,100
785.71,100
787.13,100
789.17,100
791.32,100
791.51,100
791.8,100
792.1,100
792.32,100
792.61,100
793.2,100
793.48,100
794.86,100
795.12,100
795.75,100
797.03,100
798.93,100
799.09,100
799.51,100
799.79,100
799.79,200
0.0,0
2.38,100
2.38,200
6.37,100
8.33,100
8.77,100
8.77,200
21.48,100
22.74,100
23.12,100
23.48,100
24.48,100
24.48,200
32.66,100
34.59,100
34.96,100
36.17,100
36.77,100
37.12,100
37.56,100
37.56,200
56.15,100
56.57,100
58.46,100
58.73,100
59.22,100
60.84,100
61.21,100
61.51,100
61.68,100
61.68,200
86.91,100
87.21,100
88.56,100
89.3,100
90.38,100
91.17,100
91.46,100
91.64,100
91.85,100
93.1,100
93.79,100
93.79,200
114.08,100
114.67,100
116.33,100
117.75,100
118.0,100
118.38,100
119.61,100
120.3,100
120.87,100
121.23,100
122.36,100
122.68,100
122.97,100
122.97,200
146.56,100
168.03,100
169.7,100
171.48,100
171.81,100
171.96,100
172.14,100
172.31,100
173.9,100
174.0,100
174.24,100
174.95,100
176.07,100
176.18,100
176.41,100
176.41,200
219.07,100
220.42,100
221.36,100
221.61,100
222.19,100
222.36,100
222.58,100
224.9,100
225.89,100
226.18,100
226.42,100
226.59,100
226.96,100
227.67,100
228.06,100
228.36,100
229.78,100
229.78,200
231.83,100
232.13,100
232.43,100
233.2,100
234.44,100
234.77,100
237.06,100
237.51,100
237.87,100
238.22,100
240.85,100
241.32,100
241.67,100
242.09,100
242.36,100
244.22,100
244.8,100
245.14,100
245.95,100
245.95,200
289.68,100
291.97,100
295.08,100
295.48,100
298.63,100
300.1,100
300.36,100
300.7,100
300.99,100
301.19,100
301.56,100
301.92,100
303.25,100
303.52,100
303.83,100
304.03,100
304.36,100
304.56,100
304.99,100
305.63,100
307.88,100
307.88,200
406.55,100
406.77,100
407.55,100
407.99,100
409.24,100
409.55,100
410.83,100
411.84,100
412.2,100
412.39,100
412.58,100
412.99,100
413.17,100
414.02,100
414.54,100
414.8,100
415.05,100
415.69,100
417.12,100
417.3,100
417.51,100
417.8,100
418.01,100
418.01,200
451.01,100
451.29,100
465.32,100
470.1,100
472.89,100
476.36,100
476.75,100
479.69,100
480.07,100
480.27,100
480.66,100
481.09,100
481.37,100
481.62,100
483.22,100
483.74,100
484.34,100
486.62,100
487.18,100
488.03,100
488.49,100
488.77,100
489.24,100
490.49,100
491.82,100
491.82,200
547.79,100
548.05,100
548.22,100
548.4,100
549.1,100
550.08,100
553.06,100
554.29,100
557.58,100
557.84,100
558.81,100
559.51,100
562.28,100
562.93,100
563.35,100
565.39,100
568.56,100
568.82,100
569.1,100
569.47,100
569.89,100
570.48,100
570.95,100
571.22,100
572.46,100
573.43,100
575.56,100
575.56,200
642.96,100
645.82,100
646.04,100
651.35,100
653.92,100
654.22,100
659.4,100
659.66,100
659.88,100
660.12,100
664.06,100
664.18,100
664.39,100
664.69,100
669.19,100
669.57,100
669.94,100
671.12,100
671.5,100
672.5,100
672.72,100
673.12,100
674.03,100
674.16,100
676.44,100
676.67,100
677.62,100
678.05,100
678.41,100
678.41,200
0.0,0
0.45,100
0.45,200
3.22,100
4.98,100
6.79,100
6.79,200
9.37,100
9.86,100
11.53,100
11.75,100
16.6,100
16.6,200
37.7,100
38.13,100
38.37,100
43.51,100
43.8,100
44.02,100
44.37,100
44.37,200
52.76,100
53.98,100
54.86,100
55.17,100
55.52,100
56.19,100
56.61,100
56.92,100
58.25,100
58.25,200
95.76,100
96.06,100
98.11,100
98.73,100
99.05,100
99.69,100
100.63,100
101.06,100
101.48,100
102.15,100
102.61,100
102.61,200
169.42,100
172.0,100
172.51,100
172.77,100
173.02,100
173.2,100
173.4,100
174.79,100
175.73,100
176.21,100
176.91,100
177.94,100
178.44,100
178.44,200
208.67,100
209.91,100
210.46,100
211.55,100
212.32,100
213.21,100
214.81,100
217.48,100
217.69,100
218.02,100
218.41,100
218.64,100
218.84,100
219.12,100
220.76,100
220.76,200
269.23,100
269.4,100
270.24,100
271.27,100
271.77,100
272.31,100
272.47,100
272.67,100
272.97,100
274.34,100
274.92,100
276.5,100
276.67,100
276.86,100
277.1,100
277.26,100
277.48,100
277.48,200
319.18,100
325.45,100
328.61,100
329.23,100
329.47,100
330.07,100
330.22,100
330.45,100
330.59,100
330.79,100
330.98,100
331.09,100
331.25,100
333.69,100
335.34,100
336.62,100
336.94,100
337.18,100
337.39,100
337.39,200
385.47,100
385.65,100
385.84,100
385.98,100
386.12,100
386.27,100
387.72,100
387.92,100
388.1,100
388.25,100
388.43,100
388.61,100
388.77,100
388.92,100
389.66,100
393.8,100
393.95,100
394.14,100
394.29,100
394.39,100
394.57,100
394.57,200
447.41,100
448.27,100
448.45,100
448.61,100
448.81,100
449.01,100
449.84,100
453.08,100
453.29,100
453.47,100
453.66,100
453.8,100
454.08,100
454.26,100
454.67,100
454.95,100
455.28,100
455.68,100
456.06,100
456.49,100
457.81,100
458.33,100
458.83,100
458.83,200
492.34,100
492.56,100
492.83,100
495.21,100
499.76,100
500.16,100
500.35,100
500.56,100
500.68,100
501.95,100
502.34,100
503.3,100
504.36,100
505.8,100
506.09,100
506.31,100
506.5,100
506.67,100
506.87,100
508.28,100
508.44,100
508.73,100
508.93,100
509.11,100
510.34,100
510.34,200
551.94,100
553.33,100
553.57,100
553.83,100
554.03,100
554.18,100
554.33,100
554.85,100
556.9,100
557.42,100
557.6,100
557.82,100
557.96,100
558.09,100
558.32,100
560.33,100
563.0,100
563.27,100
563.44,100
563.62,100
563.77,100
564.14,100
564.4,100
564.66,100
566.04,100
566.16,100
569.2,100
569.2,200
602.65,100
607.27,100
607.86,100
608.51,100
608.83,100
610.28,100
610.59,100
611.11,100
611.36,100
611.54,100
611.77,100
612.69,100
613.84,100
615.03,100
617.16,100
617.3,100
617.49,100
617.82,100
618.97,100
621.98,100
622.23,100
622.4,100
622.57,100
622.69,100
625.12,100
625.71,100
627.02,100
628.19,100
628.54,100
628.54,200
715.6,100
715.81,100
716.0,100
718.32,100
722.95,100
724.33,100
724.48,100
724.82,100
725.89,100
727.4,100
728.53,100
728.7,100
730.79,100
730.97,100
731.09,100
731.34,100
731.51,100
731.68,100
731.96,100
734.2,100
735.14,100
736.99,100
737.25,100
737.43,100
737.65,100
738.44,100
738.78,100
739.15,100
739.48,100
741.66,100
742.03,100
742.03,200
775.33,100
775.53,100
783.16,100
783.31,100
783.51,100
783.74,100
783.95,100
784.19,100
784.31,100
784.44,100
784.56,100
787.56,100
787.78,100
787.96,100
788.22,100
788.38,100
788.56,100
789.53,100
790.22,100
793.53,100
793.68,100
793.84,100
794.05,100
796.19,100
798.74,100
798.95,100
799.11,100
799.27,100
799.49,100
799.93,100
800.25,100
800.55,100
802.27,100
802.27,200
802.37,100
860.93,100
862.4,100
862.73,100
862.95,100
868.28,100
869.1,100
869.27,100
869.45,100
869.58,100
869.76,100
871.6,100
874.22,100
874.36,100
874.5,100
874.6,100
874.91,100
875.11,100
875.32,100
875.76,100
877.65,100
880.6,100
880.75,100
881.03,100
881.41,100
881.7,100
883.06,100
883.54,100
883.96,100
884.31,100
886.43,100
886.73,100
886.99,100
887.24,100
887.91,100
887.91,200
937.06,100
938.38,100
938.65,100
938.91,100
939.1,100
939.47,100
939.66,100
940.03,100
942.6,100
942.78,100
942.99,100
943.26,100
943.42,100
943.67,100
945.83,100
947.41,100
947.62,100
947.76,100
947.96,100
948.23,100
948.56,100
948.72,100
949.07,100
949.88,100
951.84,100
954.18,100
954.38,100
954.55,100
954.74,100
954.92,100
955.27,100
955.63,100
955.9,100
956.08,100
956.27,100
956.51,100
957.75,100
957.75,200
986.25,100
986.56,100
986.83,100
987.12,100
987.27,100
990.43,100
992.15,100
992.38,100
992.54,100
992.66,100
993.04,100
993.43,100
996.81,100
1000.55,100
1000.76,100
1000.99,100
1001.44,100
1003.3,100
1005.33,100
1005.5,100
1005.74,100
1005.99,100
1007.78,100
1008.68,100
1009.0,100
1009.75,100
1010.05,100
1010.47,100
1010.89,100
1011.24,100
1011.67,100
1012.99,100
1013.4,100
1013.7,100
1013.91,100
1015.25,100
1015.65,100
1015.91,100
1016.19,100
1016.19,200
1088.84,100
1097.62,100
1099.39,100
1103.51,100
1103.77,100
1103.94,100
1104.07,100
1104.28,100
1105.89,100
1110.38,100
1110.53,100
1110.73,100
1111.1,100
1111.27,100
1112.36,100
1113.59,100
1114.0,100
1114.21,100
1114.7,100
1115.13,100
1115.94,100
1118.39,100
1118.61,100
1118.99,100
1119.29,100
1120.39,100
1122.13,100
1122.47,100
1122.83,100
1123.19,100
1123.61,100
1124.11,100
1124.73,100
1126.26,100
1126.82,100
1127.14,100
1129.12,100
1129.56,100
1129.83,100
1131.19,100
1132.88,100
1132.88,200
1168.62,100
1176.45,100
1177.2,100
1180.08,100
1182.75,100
1182.96,100
1183.11,100
1183.36,100
1183.6,100
1183.87,100
1185.81,100
1186.88,100
1188.48,100
1188.73,100
1189.17,100
1189.37,100
1189.98,100
1191.38,100
1192.7,100
1193.04,100
1193.2,100
1195.05,100
1195.46,100
1195.91,100
1196.01,100
1196.31,100
1196.69,100
1196.98,100
1198.02,100
1202.34,100
1202.83,100
1203.14,100
1203.57,100
1203.94,100
1204.64,100
1204.92,100
1205.22,100
1207.5,100
1207.94,100
1208.4,100
1209.09,100
1209.32,100
1211.65,100
1211.65,200
1251.38,100
1275.66,100
1281.31,100
1282.0,100
1282.25,100
1282.37,100
1282.51,100
1282.74,100
1284.72,100
1284.88,100
1286.0,100
1286.91,100
1290.5,100
1290.64,100
1290.83,100
1290.99,100
1291.16,100
1291.35,100
1292.89,100
1296.78,100
1297.01,100
1299.1,100
1299.28,100
1299.46,100
1299.65,100
1299.98,100
1300.23,100
1300.56,100
1300.78,100
1303.82,100
1304.07,100
1304.27,100
1304.46,100
1304.7,100
1304.9,100
1305.31,100
1305.81,100
1307.79,100
1309.42,100
1311.38,100
1311.71,100
1311.95,100
1312.22,100
1313.49,100
1313.96,100
1313.96,200
1382.22,100
1382.68,100
1383.62,100
1384.33,100
1387.44,100
1391.86,100
1393.08,100
1393.29,100
1399.1,100
1400.03,100
1400.18,100
1400.44,100
1400.62,100
1400.86,100
1403.24,100
1403.92,100
1405.22,100
1409.61,100
1409.73,100
1409.94,100
1410.05,100
1410.23,100
1410.61,100
1413.27,100
1415.48,100
1415.83,100
1416.14,100
1416.34,100
1416.61,100
1416.83,100
1419.39,100
1419.5,100
1419.73,100
1419.91,100
1420.11,100
1421.76,100
1422.55,100
1423.15,100
1423.66,100
1425.82,100
1426.16,100
1426.42,100
1426.67,100
1427.19,100
1427.43,100
1427.81,100
1428.08,100
1428.08,200
1447.58,100
1480.15,100
1482.55,100
1482.81,100
1483.1,100
1484.7,100
1486.77,100
1490.18,100
1491.14,100
1494.63,100
1494.96,100
1495.24,100
1495.42,100
1495.69,100
1495.86,100
1496.15,100
1496.88,100
1497.55,100
1499.07,100
1499.74,100
1501.31,100
1501.44,100
1501.62,100
1501.84,100
1502.04,100
1502.35,100
1502.6,100
1502.74,100
1503.16,100
1505.32,100
1506.71,100
1506.97,100
1507.21,100
1507.48,100
1507.85,100
1508.29,100
1509.96,100
1510.7,100
1511.29,100
1511.63,100
1513.23,100
1513.68,100
1514.04,100
1514.37,100
1515.52,100
1515.85,100
1516.07,100
1516.58,100
1516.9,100
1516.9,200
0.0,0
4.28,100
4.28,200
7.09,100
7.57,100
7.72,100
7.72,200
11.34,100
11.6,100
12.09,100
12.5,100
12.95,100
12.95,200
28.72,100
29.06,100
30.98,100
32.44,100
32.85,100
33.11,100
33.31,100
33.31,200
38.59,100
39.13,100
39.96,100
40.78,100
41.51,100
42.03,100
42.49,100
43.38,100
43.62,100
43.62,200
77.48,100
77.85,100
78.72,100
78.87,100
79.08,100
79.24,100
79.43,100
79.62,100
79.93,100
80.47,100
80.74,100
80.74,200
101.55,100
101.87,100
105.11,100
105.36,100
105.55,100
105.75,100
106.43,100
106.82,100
108.19,100
108.49,100
109.26,100
110.71,100
110.99,100
110.99,200
161.24,100
162.5,100
164.31,100
164.55,100
164.83,100
165.1,100
165.32,100
166.86,100
167.23,100
167.91,100
168.34,100
169.25,100
169.48,100
169.76,100
170.04,100
170.04,200
210.88,100
211.23,100
211.81,100
212.95,100
213.43,100
213.61,100
213.93,100
214.2,100
214.44,100
214.64,100
215.57,100
215.62,100
216.13,100
217.76,100
223.79,100
228.22,100
228.44,100
228.44,200
241.05,100
241.53,100
241.84,100
242.19,100
242.44,100
243.19,100
245.25,100
246.33,100
247.61,100
247.96,100
248.18,100
248.44,100
249.56,100
249.59,100
249.7,100
250.19,100
250.59,100
251.59,100
251.84,100
251.84,200
341.24,100
403.24,100
416.94,100
417.51,100
420.38,100
420.89,100
426.93,100
427.38,100
427.75,100
429.08,100
430.45,100
431.97,100
432.33,100
432.69,100
433.24,100
433.77,100
434.08,100
436.02,100
436.72,100
437.47,100
438.01,100
438.01,200
538.78,100
540.62,100
540.86,100
541.71,100
541.99,100
542.3,100
542.48,100
542.69,100
542.9,100
543.21,100
545.04,100
545.8,100
546.08,100
546.54,100
546.87,100
548.08,100
548.33,100
548.65,100
548.97,100
549.16,100
550.43,100
551.03,100
551.6,100
551.6,200
588.01,100
588.86,100
589.09,100
589.96,100
591.18,100
591.52,100
591.68,100
592.06,100
592.25,100
592.52,100
592.63,100
594.27,100
596.14,100
596.37,100
596.67,100
596.85,100
597.06,100
597.32,100
597.61,100
597.88,100
598.29,100
598.57,100
600.86,100
601.04,100
601.7,100
601.7,200
602.01,100
710.65,100
712.02,100
712.26,100
713.61,100
713.76,100
713.9,100
714.53,100
715.16,100
715.45,100
715.76,100
718.43,100
718.58,100
718.8,100
718.98,100
719.17,100
719.81,100
720.17,100
720.56,100
722.84,100
723.49,100
723.85,100
724.37,100
726.39,100
726.91,100
727.23,100
727.45,100
727.45,200
763.32,100
763.5,100
763.87,100
764.08,100
764.35,100
766.59,100
767.49,100
767.73,100
768.01,100
770.02,100
770.73,100
772.93,100
773.09,100
773.24,100
773.38,100
773.56,100
773.73,100
773.95,100
775.39,100
776.61,100
777.0,100
777.26,100
777.85,100
778.12,100
780.12,100
780.34,100
780.65,100
780.96,100
781.46,100
781.46,200
817.18,100
819.38,100
824.47,100
840.34,100
841.66,100
841.84,100
842.0,100
842.29,100
842.46,100
842.71,100
842.96,100
843.11,100
843.33,100
843.58,100
844.11,100
844.27,100
845.75,100
845.95,100
846.14,100
846.32,100
846.53,100
846.69,100
846.98,100
847.82,100
849.39,100
849.73,100
849.94,100
850.23,100
850.45,100
850.92,100
851.5,100
851.5,200
886.46,100
888.74,100
889.01,100
889.31,100
889.6,100
889.8,100
889.96,100
890.17,100
890.6,100
893.56,100
893.78,100
894.0,100
894.92,100
898.17,100
898.51,100
898.86,100
899.05,100
899.39,100
900.93,100
901.11,100
901.32,100
901.5,100
901.86,100
902.39,100
902.64,100
904.7,100
904.94,100
905.3,100
906.77,100
907.02,100
907.23,100
907.44,100
907.74,100
907.74,200
907.92,100
948.33,100
952.71,100
952.9,100
953.19,100
953.4,100
953.54,100
953.82,100
955.82,100
956.54,100
956.73,100
956.93,100
957.3,100
957.46,100
957.67,100
957.92,100
958.28,100
960.22,100
963.2,100
963.43,100
963.62,100
963.85,100
963.99,100
964.2,100
964.41,100
964.78,100
965.13,100
965.56,100
966.01,100
966.3,100
967.29,100
967.88,100
968.85,100
969.16,100
969.4,100
969.4,200
1013.77,100
1014.36,100
1016.19,100
1017.5,100
1028.65,100
1028.89,100
1029.11,100
1029.28,100
1032.86,100
1033.62,100
1033.83,100
1034.05,100
1034.15,100
1034.31,100
1034.93,100
1035.71,100
1038.82,100
1039.09,100
1039.36,100
1039.8,100
1039.98,100
1041.93,100
1043.0,100
1043.26,100
1043.58,100
1043.81,100
1043.98,100
1044.77,100
1045.28,100
1045.58,100
1046.88,100
1047.59,100
1048.68,100
1048.95,100
1050.58,100
1050.88,100
1051.1,100
1051.1,200
1144.34,100
1146.96,100
1148.42,100
1148.83,100
1149.18,100
1149.35,100
1149.62,100
1149.84,100
1152.65,100
1154.01,100
1154.22,100
1154.4,100
1154.55,100
1154.75,100
1155.05,100
1155.19,100
1155.75,100
1157.7,100
1158.25,100
1159.72,100
1159.99,100
1160.19,100
1160.41,100
1160.56,100
1160.91,100
1161.36,100
1163.63,100
1164.35,100
1164.88,100
1166.43,100
1166.66,100
1167.03,100
1167.6,100
1168.01,100
1168.49,100
1168.88,100
1171.46,100
1171.93,100
1172.71,100
1172.71,200
1225.46,100
1225.73,100
1227.93,100
1228.16,100
1228.33,100
1228.63,100
1228.79,100
1231.2,100
1231.39,100
1231.61,100
1231.8,100
1232.01,100
1232.25,100
1232.4,100
1232.54,100
1232.73,100
1241.06,100
1241.35,100
1241.59,100
1242.01,100
1242.49,100
1243.94,100
1244.38,100
1245.61,100
1245.96,100
1246.22,100
1246.65,100
1247.09,100
1247.8,100
1248.24,100
1248.94,100
1249.84,100
1249.95,100
1250.39,100
1251.06,100
1251.72,100
1254.45,100
1254.72,100
1255.35,100
1255.75,100
1256.29,100
1256.29,200
1306.93,100
1308.56,100
1317.18,100
1317.37,100
1317.53,100
1317.73,100
1317.98,100
1318.72,100
1319.94,100
1320.54,100
1323.2,100
1323.5,100
1323.79,100
1323.98,100
1324.56,100
1326.56,100
1329.36,100
1329.53,100
1329.9,100
1330.49,100
1331.13,100
1332.74,100
1334.5,100
1334.81,100
1335.04,100
1335.44,100
1335.74,100
1337.29,100
1337.83,100
1338.45,100
1339.97,100
1340.07,100
1340.41,100
1340.71,100
1341.1,100
1341.37,100
1342.2,100
1342.49,100
1343.15,100
1344.17,100
1345.75,100
1346.08,100
1346.38,100
1346.38,200
1394.71,100
1397.24,100
1397.58,100
1397.82,100
1398.01,100
1398.22,100
1398.44,100
1398.75,100
1407.47,100
1408.15,100
1408.43,100
1408.62,100
1408.92,100
1409.13,100
1409.76,100
1409.95,100
1410.16,100
1410.61,100
1411.04,100
1411.45,100
1414.79,100
1415.01,100
1417.86,100
1418.13,100
1418.31,100
1418.46,100
1423.57,100
1423.7,100
1423.99,100
1424.54,100
1426.28,100
1427.23,100
1428.2,100
1428.48,100
1428.73,100
1428.94,100
1430.14,100
1430.44,100
1430.7,100
1431.05,100
1431.46,100
1431.76,100
1433.79,100
1434.89,100
1437.29,100
1437.29,200
1493.95,100
1494.22,100
1494.6,100
1494.79,100
1499.59,100
1499.88,100
1502.5,100
1503.21,100
1503.46,100
1503.76,100
1503.98,100
1504.23,100
1504.87,100
1505.07,100
1507.65,100
1507.88,100
1508.11,100
1508.39,100
1508.64,100
1508.78,100
1512.06,100
1512.25,100
1512.47,100
1512.78,100
1515.0,100
1519.68,100
1519.99,100
1520.22,100
1520.42,100
1522.78,100
1523.34,100
1523.92,100
1525.39,100
1525.63,100
1526.0,100
1526.27,100
1527.15,100
1527.56,100
1527.86,100
1528.53,100
1530.68,100
1533.28,100
1533.92,100
1535.07,100
1535.61,100
1538.28,100
1539.15,100
1539.15,200
1649.7,100
1741.23,100
1746.12,100
1746.39,100
1747.3,100
1749.59,100
1757.59,100
1766.51,100
1767.87,100
1770.53,100
1770.9,100
1771.52,100
1773.76,100
1775.11,100
1775.29,100
1776.72,100
1777.13,100
1777.44,100
1778.53,100
1783.25,100
1783.62,100
1784.34,100
1784.9,100
1785.28,100
1785.75,100
1787.9,100
1789.53,100
1789.8,100
1791.67,100
1792.18,100
1792.65,100
1795.16,100
1795.77,100
1796.23,100
1799.72,100
1802.37,100
1802.93,100
1803.39,100
1804.27,100
1807.1,100
1808.05,100
1808.56,100
1809.2,100
1811.84,100
1812.4,100
1817.01,100
1818.82,100
1819.22,100
1823.25,100
1823.25,200
0.0,0
2.45,100
2.45,200
4.94,100
5.9,100
6.36,100
6.36,200
37.45,100
38.3,100
41.51,100
41.91,100
43.12,100
43.12,200
82.86,100
84.44,100
84.87,100
85.54,100
87.22,100
87.73,100
88.56,100
88.56,200
101.2,100
101.4,100
103.32,100
104.13,100
104.23,100
106.22,100
107.18,100
107.63,100
108.03,100
108.03,200
179.64,100
182.74,100
183.27,100
183.65,100
183.97,100
184.18,100
185.59,100
186.47,100
187.52,100
188.25,100
188.69,100
188.69,200
266.38,100
267.1,100
267.4,100
267.69,100
267.99,100
268.26,100
268.76,100
271.87,100
272.19,100
272.45,100
272.66,100
272.97,100
273.75,100
273.75,200
309.92,100
317.45,100
317.74,100
318.04,100
318.2,100
318.44,100
319.11,100
319.56,100
319.85,100
320.65,100
321.0,100
321.82,100
321.98,100
323.35,100
323.73,100
323.73,200
374.11,100
375.28,100
375.57,100
375.77,100
376.97,100
377.62,100
378.35,100
379.76,100
380.01,100
380.26,100
380.65,100
381.43,100
382.66,100
383.19,100
383.42,100
383.93,100
384.32,100
384.32,200
413.17,100
414.31,100
414.48,100
418.49,100
419.21,100
419.72,100
420.35,100
420.73,100
421.1,100
423.2,100
424.87,100
425.04,100
425.35,100
425.71,100
426.47,100
427.32,100
427.69,100
428.01,100
429.4,100
429.4,200
467.86,100
468.29,100
469.14,100
470.77,100
471.84,100
473.15,100
473.81,100
479.05,100
479.46,100
479.88,100
480.21,100
481.94,100
482.66,100
482.89,100
483.1,100
483.98,100
485.75,100
488.18,100
489.25,100
489.72,100
490.7,100
490.7,200
516.3,100
537.2,100
539.95,100
541.58,100
542.12,100
542.35,100
542.62,100
543.49,100
546.92,100
547.43,100
547.77,100
549.22,100
549.77,100
550.09,100
550.61,100
551.46,100
553.05,100
553.62,100
554.18,100
555.13,100
555.6,100
555.75,100
557.71,100
557.71,200
634.63,100
638.58,100
647.78,100
651.48,100
653.18,100
653.56,100
654.32,100
654.53,100
655.96,100
657.06,100
657.61,100
658.85,100
659.45,100
660.03,100
660.35,100
660.79,100
661.96,100
663.82,100
664.07,100
665.31,100
666.28,100
668.31,100
668.44,100
669.05,100
669.43,100
669.43,200
712.86,100
713.11,100
714.15,100
718.75,100
718.87,100
722.54,100
722.78,100
722.94,100
723.17,100
723.31,100
724.15,100
725.44,100
725.85,100
726.04,100
727.03,100
727.3,100
727.6,100
727.79,100
728.01,100
728.23,100
728.44,100
728.75,100
729.03,100
730.2,100
730.5,100
731.86,100
734.23,100
734.23,200
780.76,100
780.98,100
781.17,100
783.07,100
790.13,100
791.39,100
791.67,100
791.96,100
793.4,100
793.92,100
794.1,100
794.31,100
794.89,100
795.29,100
795.6,100
795.81,100
798.98,100
801.03,100
802.0,100
802.34,100
803.22,100
804.87,100
805.19,100
805.39,100
805.65,100
807.97,100
808.29,100
809.46,100
809.91,100
809.91,200
927.26,100
932.6,100
935.44,100
936.2,100
938.12,100
938.56,100
938.76,100
939.8,100
939.98,100
941.38,100
943.96,100
944.08,100
944.39,100
944.95,100
946.79,100
947.24,100
947.59,100
947.93,100
948.19,100
948.66,100
953.52,100
955.72,100
955.99,100
956.48,100
956.84,100
957.67,100
958.14,100
958.86,100
959.38,100
961.28,100
961.66,100
961.66,200
1008.33,100
1009.0,100
1009.16,100
1013.26,100
1018.76,100
1022.32,100
1022.59,100
1025.02,100
1028.47,100
1028.73,100
1029.8,100
1032.39,100
1032.65,100
1032.81,100
1032.96,100
1033.61,100
1033.73,100
1033.91,100
1034.3,100
1034.72,100
1036.56,100
1036.72,100
1037.19,100
1037.71,100
1039.28,100
1039.56,100
1039.85,100
1040.7,100
1041.33,100
1041.58,100
1043.79,100
1044.27,100
1044.57,100
1044.57,200
1107.62,100
1119.06,100
1123.22,100
1127.21,100
1127.9,100
1128.08,100
1128.37,100
1128.57,100
1129.07,100
1130.64,100
1131.48,100
1132.66,100
1133.16,100
1133.35,100
1133.63,100
1133.87,100
1134.29,100
1134.97,100
1136.12,100
1136.58,100
1136.87,100
1137.13,100
1138.84,100
1139.28,100
1139.74,100
1140.12,100
1140.75,100
1142.71,100
1143.01,100
1143.31,100
1144.63,100
1145.7,100
1146.38,100
1147.13,100
1147.57,100
1147.57,200
1208.74,100
1208.96,100
1210.64,100
1210.93,100
1211.2,100
1217.52,100
1218.12,100
1219.02,100
1219.16,100
1219.3,100
1219.56,100
1219.91,100
1222.36,100
1222.55,100
1222.83,100
1223.1,100
1226.78,100
1228.53,100
1229.96,100
1230.45,100
1231.57,100
1232.04,100
1232.27,100
1232.5,100
1232.71,100
1233.21,100
1233.5,100
1234.19,100
1236.13,100
1236.95,100
1237.14,100
1240.79,100
1241.13,100
1241.95,100
1242.38,100
1242.65,100
1244.12,100
1244.12,200
1332.62,100
1332.94,100
1333.32,100
1333.5,100
1333.82,100
1334.1,100
1334.39,100
1337.52,100
1337.95,100
1338.23,100
1338.45,100
1338.75,100
1338.92,100
1345.44,100
1349.67,100
1350.44,100
1350.57,100
1350.8,100
1351.02,100
1351.35,100
1352.06,100
1352.83,100
1354.07,100
1356.27,100
1356.58,100
1356.79,100
1357.04,100
1358.13,100
1360.26,100
1360.5,100
1360.85,100
1361.24,100
1361.47,100
1361.7,100
1362.09,100
1364.43,100
1365.09,100
1365.41,100
1365.71,100
1365.71,200
1392.45,100
1392.8,100
1394.22,100
1394.38,100
1394.59,100
1394.82,100
1395.24,100
1395.45,100
1400.14,100
1404.22,100
1407.38,100
1410.68,100
1417.56,100
1417.79,100
1418.91,100
1422.39,100
1426.65,100
1426.84,100
1428.69,100
1428.81,100
1430.34,100
1430.53,100
1432.5,100
1432.95,100
1433.24,100
1433.86,100
1435.87,100
1436.09,100
1436.46,100
1436.99,100
1437.53,100
1438.81,100
1439.32,100
1439.69,100
1440.86,100
1441.35,100
1441.73,100
1442.18,100
1442.75,100
1442.92,100
1443.43,100
1443.43,200
1473.61,100
1476.62,100
1476.78,100
1479.45,100
1480.71,100
1490.78,100
1491.1,100
1491.3,100
1491.47,100
1491.79,100
1492.44,100
1492.79,100
1493.21,100
1493.86,100
1496.72,100
1496.97,100
1500.29,100
1506.15,100
1506.35,100
1506.49,100
1507.5,100
1508.22,100
1512.7,100
1513.05,100
1516.74,100
1517.04,100
1517.22,100
1519.65,100
1520.14,100
1522.76,100
1523.68,100
1524.64,100
1525.15,100
1526.37,100
1527.02,100
1527.61,100
1527.93,100
1529.74,100
1529.97,100
1530.29,100
1531.46,100
1531.75,100
1532.16,100
1532.16,200
1596.1,100
1596.52,100
1596.69,100
1646.65,100
1646.84,100
1647.07,100
1647.38,100
1647.72,100
1648.28,100
1648.64,100
1654.37,100
1658.4,100
1658.61,100
1658.86,100
1659.24,100
1662.52,100
1664.24,100
1664.51,100
1664.71,100
1664.92,100
1665.2,100
1665.76,100
1666.41,100
1666.77,100
1668.4,100
1668.73,100
1669.06,100
1670.18,100
1671.43,100
1672.18,100
1672.4,100
1672.73,100
1673.94,100
1674.63,100
1674.93,100
1676.17,100
1676.59,100
1678.26,100
1678.37,100
1680.05,100
1680.25,100
1681.23,100
1682.23,100
1682.68,100
1683.78,100
1683.78,200
1714.84,100
1716.17,100
1743.71,100
1743.98,100
1744.31,100
1745.16,100
1745.84,100
1746.14,100
1746.44,100
1749.7,100
1754.24,100
1754.42,100
1754.78,100
1755.04,100
1755.26,100
1755.52,100
1758.97,100
1759.25,100
1760.0,100
1760.35,100
1761.54,100
1762.81,100
1764.09,100
1764.43,100
1764.64,100
1765.18,100
1765.65,100
1765.87,100
1768.13,100
1769.22,100
1772.77,100
1773.66,100
1775.69,100
1777.89,100
1780.37,100
1780.66,100
1780.93,100
1781.6,100
1781.82,100
1782.91,100
1784.77,100
1785.23,100
1787.63,100
1787.89,100
1788.29,100
1788.85,100
1789.34,100
1789.34,200
0.0,0
3.58,100
3.58,200
7.17,100
10.0,100
10.58,100
10.58,200
23.82,100
24.32,100
25.24,100
25.62,100
25.89,100
25.89,200
47.63,100
48.13,100
48.44,100
48.66,100
48.89,100
49.7,100
50.03,100
50.03,200
74.42,100
74.78,100
75.72,100
76.64,100
77.46,100
77.83,100
78.16,100
78.5,100
78.85,100
78.85,200
159.47,100
161.49,100
161.74,100
162.35,100
164.57,100
166.16,100
166.72,100
167.08,100
167.52,100
168.14,100
168.74,100
168.74,200
194.89,100
196.9,100
198.54,100
198.74,100
199.28,100
199.56,100
201.98,100
203.25,100
203.59,100
206.03,100
206.51,100
208.27,100
208.71,100
208.71,200
249.15,100
252.78,100
253.74,100
254.35,100
254.62,100
254.94,100
255.21,100
255.59,100
257.15,100
257.62,100
258.42,100
260.07,100
260.2,100
261.36,100
262.03,100
262.03,200
305.31,100
306.0,100
306.75,100
307.91,100
308.18,100
308.37,100
308.59,100
309.07,100
311.8,100
314.07,100
314.3,100
314.54,100
314.77,100
315.51,100
315.92,100
316.42,100
316.85,100
316.85,200
357.33,100
378.84,100
379.0,100
379.2,100
379.49,100
379.67,100
379.9,100
380.14,100
380.32,100
380.46,100
381.0,100
382.16,100
383.09,100
384.36,100
384.67,100
384.96,100
385.32,100
385.69,100
386.28,100
386.28,200
421.73,100
421.97,100
424.88,100
426.15,100
426.27,100
426.47,100
426.79,100
427.67,100
428.12,100
428.48,100
429.71,100
431.06,100
431.69,100
432.35,100
432.94,100
433.3,100
433.65,100
433.96,100
434.87,100
435.45,100
435.92,100
435.92,200
495.04,100
499.47,100
499.67,100
499.92,100
500.46,100
502.7,100
504.31,100
505.27,100
505.86,100
506.47,100
506.69,100
506.92,100
509.09,100
509.42,100
510.11,100
510.39,100
510.72,100
511.76,100
512.84,100
513.39,100
514.05,100
514.48,100
514.93,100
514.93,200
557.99,100
561.6,100
561.92,100
562.3,100
564.97,100
565.19,100
568.24,100
568.49,100
568.76,100
568.99,100
569.47,100
570.18,100
570.55,100
570.85,100
571.88,100
572.61,100
573.11,100
573.55,100
573.89,100
574.41,100
574.7,100
575.64,100
576.17,100
576.5,100
577.32,100
577.32,200
623.8,100
664.31,100
668.16,100
668.43,100
668.7,100
668.86,100
671.62,100
672.75,100
673.09,100
673.34,100
673.58,100
673.87,100
674.47,100
675.2,100
675.53,100
675.76,100
677.77,100
678.05,100
678.6,100
678.95,100
680.58,100
680.72,100
681.22,100
681.41,100
681.77,100
682.26,100
682.84,100
682.84,200
751.25,100
753.84,100
756.75,100
757.74,100
758.21,100
758.63,100
758.79,100
758.99,100
759.36,100
759.61,100
762.02,100
762.18,100
762.72,100
762.85,100
764.37,100
764.74,100
766.91,100
767.14,100
767.55,100
767.79,100
768.13,100
768.4,100
768.6,100
770.16,100
770.43,100
770.78,100
771.44,100
772.09,100
774.63,100
774.63,200
816.13,100
819.54,100
820.13,100
820.29,100
820.52,100
821.31,100
823.74,100
823.94,100
828.4,100
828.67,100
829.43,100
829.85,100
830.16,100
830.73,100
830.99,100
831.29,100
833.22,100
835.41,100
835.72,100
835.96,100
836.72,100
839.99,100
840.49,100
840.79,100
841.27,100
842.08,100
842.35,100
842.79,100
843.62,100
843.9,100
845.15,100
845.15,200
915.46,100
934.16,100
935.3,100
935.99,100
936.38,100
939.79,100
941.23,100
941.46,100
941.74,100
942.03,100
944.57,100
944.84,100
945.04,100
945.33,100
945.71,100
946.97,100
949.8,100
949.94,100
950.51,100
950.76,100
951.45,100
951.79,100
952.15,100
952.81,100
953.24,100
953.7,100
954.85,100
955.1,100
955.56,100
955.89,100
956.95,100
957.74,100
958.15,100
958.15,200
1008.49,100
1009.48,100
1009.75,100
1010.02,100
1012.58,100
1012.78,100
1013.02,100
1013.46,100
1013.67,100
1013.92,100
1015.55,100
1015.8,100
1016.17,100
1016.49,100
1020.19,100
1020.41,100
1020.77,100
1021.12,100
1021.31,100
1021.59,100
1022.38,100
1024.49,100
1025.78,100
1026.04,100
1026.31,100
1026.73,100
1026.9,100
1027.17,100
1027.37,100
1028.62,100
1030.22,100
1030.62,100
1030.84,100
1031.29,100
1032.02,100
1032.02,200
1077.19,100
1078.94,100
1081.38,100
1081.84,100
1082.09,100
1082.46,100
1083.01,100
1083.56,100
1085.06,100
1088.44,100
1089.1,100
1091.62,100
1091.66,100
1092.0,100
1092.41,100
1092.62,100
1095.27,100
1095.42,100
1095.83,100
1096.18,100
1096.55,100
1096.91,100
1098.33,100
1098.78,100
1099.21,100
1099.65,100
1100.41,100
1100.64,100
1102.29,100
1102.81,100
1103.14,100
1103.6,100
1105.57,100
1106.17,100
1106.55,100
1106.92,100
1107.17,100
1107.17,200
1131.25,100
1132.71,100
1133.23,100
1137.4,100
1145.42,100
1145.64,100
1146.05,100
1146.45,100
1146.82,100
1147.95,100
1148.92,100
1150.04,100
1152.99,100
1153.53,100
1154.65,100
1155.05,100
1156.28,100
1159.29,100
1159.71,100
1159.97,100
1160.31,100
1161.13,100
1161.37,100
1163.32,100
1163.37,100
1163.98,100
1164.41,100
1164.98,100
1165.4,100
1167.41,100
1167.76,100
1168.11,100
1168.57,100
1169.71,100
1170.25,100
1171.19,100
1171.47,100
1173.45,100
1174.04,100
1174.04,200
1206.65,100
1207.9,100
1227.55,100
1229.44,100
1231.66,100
1232.81,100
1233.14,100
1233.39,100
1235.32,100
1236.18,100
1236.78,100
1239.82,100
1240.42,100
1241.28,100
1241.35,100
1241.89,100
1245.84,100
1246.32,100
1246.67,100
1246.86,100
1247.13,100
1247.52,100
1252.95,100
1253.55,100
1254.23,100
1254.42,100
1255.86,100
1256.59,100
1257.17,100
1259.07,100
1259.42,100
1261.92,100
1262.2,100
1263.39,100
1264.14,100
1264.47,100
1264.97,100
1267.85,100
1269.03,100
1270.17,100
1270.32,100
1270.32,200
1381.89,100
1383.37,100
1390.59,100
1391.74,100
1391.98,100
1392.49,100
1395.88,100
1396.88,100
1398.37,100
1401.15,100
1401.47,100
1401.7,100
1401.95,100
1402.24,100
1402.53,100
1404.95,100
1405.26,100
1405.54,100
1405.92,100
1406.33,100
1407.06,100
1408.02,100
1408.8,100
1411.96,100
1412.24,100
1412.58,100
1412.79,100
1413.18,100
1413.45,100
1415.73,100
1416.02,100
1416.29,100
1417.04,100
1417.25,100
1417.48,100
1418.91,100
1419.31,100
1419.9,100
1420.27,100
1420.68,100
1421.51,100
1426.4,100
1428.55,100
1428.55,200
1450.85,100
1453.46,100
1454.17,100
1523.11,100
1535.94,100
1541.19,100
1547.43,100
1548.87,100
1553.63,100
1553.81,100
1554.19,100
1554.42,100
1555.73,100
1556.03,100
1560.64,100
1561.01,100
1565.33,100
1565.77,100
1566.16,100
1566.27,100
1568.05,100
1568.76,100
1568.95,100
1569.62,100
1572.91,100
1573.23,100
1573.6,100
1574.55,100
1575.27,100
1575.69,100
1578.03,100
1579.14,100
1579.64,100
1582.11,100
1582.56,100
1582.89,100
1583.54,100
1584.38,100
1584.85,100
1585.38,100
1587.82,100
1587.99,100
1588.29,100
1589.39,100
1590.91,100
1590.91,200
1670.82,100
1671.1,100
1671.33,100
1676.0,100
1677.99,100
1684.06,100
1684.33,100
1685.62,100
1686.1,100
1691.84,100
1692.1,100
1692.35,100
1693.08,100
1693.73,100
1694.66,100
1694.91,100
1695.16,100
1696.37,100
1699.67,100
1699.87,100
1700.15,100
1701.06,100
1701.96,100
1702.77,100
1705.52,100
1705.8,100
1706.09,100
1706.44,100
1711.22,100
1711.8,100
1715.65,100
1716.57,100
1718.36,100
1719.2,100
1719.7,100
1720.17,100
1720.46,100
1721.29,100
1722.33,100
1722.93,100
1723.33,100
1725.28,100
1726.27,100
1726.4,100
1727.04,100
1728.32,100
1728.82,100
1728.82,200
1767.09,100
1768.92,100
1769.47,100
0.0,0
1.61,100
1.61,200
4.03,100
6.4,100
7.15,100
7.15,200
16.44,100
16.69,100
17.24,100
17.77,100
18.86,100
18.86,200
46.92,100
47.34,100
48.03,100
48.28,100
48.88,100
49.49,100
50.01,100
50.01,200
73.17,100
73.49,100
74.99,100
75.95,100
76.35,100
76.6,100
76.89,100
78.6,100
79.0,100
79.0,200
107.92,100
108.7,100
109.49,100
112.62,100
112.82,100
113.33,100
114.86,100
115.04,100
115.36,100
116.43,100
116.88,100
116.88,200
170.19,100
172.77,100
174.59,100
174.78,100
175.03,100
175.65,100
175.85,100
177.56,100
177.98,100
178.37,100
178.78,100
180.95,100
181.29,100
181.29,200
239.73,100
244.87,100
245.64,100
245.96,100
247.16,100
247.3,100
247.5,100
247.76,100
248.08,100
249.45,100
251.11,100
251.33,100
251.59,100
251.79,100
252.11,100
252.11,200
0.0,0
3.89,100
3.89,200
15.5,100
16.46,100
16.82,100
16.82,200
21.55,100
22.19,100
22.45,100
22.7,100
24.45,100
24.45,200
34.21,100
36.14,100
37.45,100
39.19,100
39.67,100
40.62,100
40.75,100
40.75,200
74.47,100
75.43,100
76.05,100
76.44,100
77.16,100
77.65,100
78.08,100
78.75,100
79.52,100
79.52,200
109.16,100
109.92,100
110.62,100
112.45,100
112.95,100
113.12,100
113.39,100
113.78,100
114.04,100
114.4,100
114.82,100
114.82,200
137.66,100
138.21,100
139.43,100
140.56,100
140.75,100
140.99,100
141.15,100
141.56,100
141.75,100
142.33,100
142.69,100
143.11,100
143.37,100
143.37,200
207.71,100
210.2,100
211.43,100
211.72,100
211.95,100
212.17,100
212.35,100
212.7,100
212.92,100
213.12,100
213.28,100
214.74,100
215.03,100
215.28,100
215.91,100
215.91,200
248.37,100
249.14,100
250.62,100
251.31,100
253.07,100
253.33,100
254.25,100
254.46,100
254.7,100
255.05,100
255.46,100
255.76,100
256.25,100
256.5,100
257.59,100
258.06,100
258.57,100
258.57,200
290.54,100
290.66,100
294.1,100
294.57,100
296.24,100
299.64,100
299.9,100
300.23,100
300.63,100
301.26,100
301.61,100
301.81,100
301.98,100
303.5,100
303.86,100
304.35,100
305.52,100
307.71,100
308.07,100
308.07,200
345.33,100
346.3,100
346.5,100
348.36,100
351.34,100
357.96,100
358.37,100
358.71,100
359.47,100
359.82,100
360.71,100
361.25,100
362.43,100
362.69,100
363.01,100
363.38,100
363.59,100
363.9,100
366.55,100
366.82,100
367.96,100
367.96,200
470.92,100
473.03,100
474.72,100
475.08,100
475.38,100
475.58,100
477.72,100
479.6,100
479.86,100
480.11,100
480.43,100
480.74,100
481.51,100
481.84,100
482.14,100
482.47,100
482.82,100
483.27,100
484.16,100
484.51,100
484.73,100
484.98,100
486.01,100
486.01,200
488.85,100
489.37,100
490.42,100
492.25,100
492.96,100
494.73,100
495.2,100
495.69,100
497.13,100
497.85,100
498.1,100
499.7,100
500.3,100
500.76,100
501.01,100
503.71,100
504.24,100
504.64,100
504.9,100
507.01,100
507.26,100
507.86,100
510.54,100
510.98,100
512.39,100
512.39,200
541.75,100
542.03,100
543.02,100
543.18,100
544.08,100
545.49,100
549.35,100
557.01,100
557.79,100
569.12,100
569.35,100
570.67,100
573.0,100
574.14,100
574.43,100
574.62,100
574.9,100
579.04,100
579.41,100
579.69,100
579.97,100
580.15,100
580.33,100
580.86,100
581.03,100
582.81,100
584.66,100
584.66,200
617.94,100
633.53,100
656.68,100
658.8,100
658.95,100
660.77,100
661.16,100
661.42,100
661.6,100
663.94,100
667.46,100
667.91,100
668.1,100
668.26,100
668.66,100
670.13,100
670.39,100
670.72,100
671.12,100
671.85,100
672.77,100
675.34,100
675.65,100
675.97,100
676.16,100
676.98,100
677.67,100
679.33,100
679.96,100
679.96,200
721.38,100
727.14,100
727.35,100
733.95,100
734.17,100
734.39,100
734.7,100
734.91,100
737.12,100
737.33,100
741.02,100
741.26,100
741.45,100
741.65,100
742.6,100
745.74,100
746.88,100
747.49,100
748.49,100
748.8,100
751.26,100
751.39,100
751.62,100
751.83,100
752.98,100
754.46,100
755.26,100
757.56,100
758.07,100
758.41,100
758.78,100
758.78,200
793.39,100
794.71,100
801.47,100
804.28,100
810.6,100
815.8,100
815.95,100
816.18,100
816.56,100
819.86,100
820.22,100
822.25,100
823.77,100
824.18,100
824.55,100
825.48,100
826.84,100
827.18,100
829.14,100
829.29,100
829.74,100
830.1,100
830.92,100
831.59,100
832.02,100
832.34,100
832.75,100
833.01,100
834.06,100
834.72,100
835.02,100
837.68,100
838.03,100
838.03,200
884.87,100
885.02,100
885.69,100
885.85,100
886.03,100
886.26,100
890.48,100
891.66,100
891.85,100
892.77,100
893.92,100
899.8,100
902.36,100
906.51,100
906.75,100
907.62,100
909.13,100
912.78,100
913.01,100
913.42,100
916.54,100
918.87,100
919.23,100
919.69,100
919.94,100
924.22,100
924.52,100
925.39,100
926.18,100
926.43,100
927.84,100
930.51,100
930.92,100
931.96,100
932.67,100
932.67,200
1004.42,100
1005.58,100
1006.56,100
1006.79,100
1007.03,100
1011.19,100
1011.43,100
1011.61,100
1011.78,100
1011.95,100
1012.22,100
1012.39,100
1013.65,100
1017.92,100
1021.92,100
1023.32,100
1023.69,100
1025.39,100
1027.16,100
1027.58,100
1028.12,100
1028.65,100
1029.47,100
1032.08,100
1032.35,100
1032.74,100
1033.4,100
1034.08,100
1034.64,100
1035.26,100
1036.99,100
1037.3,100
1037.63,100
1038.04,100
1040.58,100
1040.97,100
1041.31,100
1041.31,200
1062.73,100
1075.06,100
1080.69,100
1081.64,100
1084.04,100
1085.36,100
1086.67,100
1086.92,100
1087.18,100
1087.76,100
1088.69,100
1089.42,100
1090.07,100
1093.17,100
1093.46,100
1093.67,100
1094.16,100
1095.39,100
1095.59,100
1098.62,100
1098.9,100
1103.08,100
1103.76,100
1104.19,100
1106.64,100
1108.68,100
1108.97,100
1109.4,100
1112.84,100
1114.01,100
1115.55,100
1115.9,100
1116.23,100
1116.96,100
1117.39,100
1118.46,100
1119.34,100
1119.66,100
1120.0,100
1120.0,200
1146.08,100
1148.59,100
1148.87,100
1149.11,100
1150.49,100
1150.7,100
1151.0,100
1151.56,100
1151.74,100
1157.51,100
1157.69,100
1177.05,100
1180.51,100
1180.76,100
1182.38,100
1184.38,100
1184.79,100
1185.0,100
1185.56,100
1187.01,100
1189.93,100
1190.62,100
1192.75,100
1196.1,100
1210.77,100
1226.01,100
1226.9,100
1230.11,100
1231.51,100
1234.5,100
1234.74,100
1234.92,100
1235.12,100
1235.31,100
1239.72,100
1240.67,100
1244.18,100
1244.77,100
1245.06,100
1245.24,100
1246.53,100
1246.53,200
1277.37,100
1277.71,100
1311.7,100
1311.9,100
1312.15,100
1312.41,100
1313.18,100
1313.85,100
1314.0,100
1316.54,100
1316.87,100
1317.87,100
1318.37,100
1322.45,100
1322.64,100
1322.9,100
1323.34,100
1323.68,100
1324.02,100
1324.78,100
1326.28,100
1328.24,100
1328.49,100
1328.71,100
1329.04,100
1330.3,100
1331.2,100
1332.29,100
1334.1,100
1334.47,100
1334.77,100
1335.69,100
1336.47,100
1336.81,100
1337.09,100
1337.9,100
1338.71,100
1338.98,100
1339.45,100
1340.08,100
1342.24,100
1342.63,100
1342.97,100
1342.97,200
1345.44,100
1345.88,100
1346.48,100
1347.89,100
1348.37,100
1351.83,100
1352.13,100
1352.51,100
1353.27,100
1354.0,100
1355.02,100
1355.7,100
1355.99,100
1357.28,100
1358.16,100
1358.92,100
1360.69,100
1362.0,100
1362.55,100
1363.0,100
1363.39,100
1363.7,100
1365.33,100
1365.56,100
1366.37,100
1366.78,100
1367.63,100
1369.22,100
1369.51,100
1369.83,100
1371.26,100
1372.14,100
1372.83,100
1373.26,100
1374.93,100
1375.24,100
1375.63,100
1375.82,100
1376.6,100
1378.57,100
1378.96,100
1379.57,100
1381.35,100
1381.78,100
1382.07,100
1382.07,200
1416.36,100
1418.47,100
1419.1,100
1421.96,100
1422.1,100
1422.38,100
1428.38,100
1428.8,100
1432.56,100
1433.91,100
1434.71,100
1436.31,100
1436.69,100
1436.96,100
1437.26,100
1437.75,100
1437.87,100
1439.27,100
1441.31,100
1441.77,100
1442.15,100
1443.94,100
1444.34,100
1444.78,100
1445.3,100
1445.62,100
1446.19,100
1448.27,100
1449.08,100
1449.44,100
1449.84,100
1450.22,100
1451.55,100
1452.04,100
1452.68,100
1453.16,100
1455.55,100
1455.86,100
1456.22,100
1456.68,100
1457.93,100
1458.61,100
1459.08,100
1459.31,100
1460.76,100
1461.3,100
1461.71,100
1461.71,200
1530.15,100
1530.72,100
1530.89,100
1531.55,100
1531.72,100
1531.93,100
1536.16,100
1536.32,100
1536.53,100
1536.73,100
1537.08,100
1537.48,100
1537.68,100
1538.31,100
1538.65,100
1538.91,100
1542.55,100
1542.66,100
1542.93,100
1543.72,100
1543.95,100
1545.09,100
1546.24,100
1551.08,100
1553.19,100
1553.58,100
1554.42,100
1556.89,100
1559.3,100
1561.01,100
1561.4,100
1561.75,100
1563.12,100
1565.19,100
1566.37,100
1566.97,100
1567.28,100
1567.64,100
1567.95,100
1568.21,100
1570.05,100
1570.25,100
1570.6,100
1570.95,100
1572.38,100
1572.86,100
1573.32,100
1573.73,100
1574.26,100
1574.26,200
1644.65,100
1645.87,100
1647.66,100
1647.89,100
1648.45,100
1648.72,100
1655.98,100
1656.22,100
1656.52,100
1656.75,100
1657.36,100
1661.52,100
1661.78,100
1662.14,100
1662.43,100
1663.42,100
1663.57,100
1663.98,100
1664.52,100
1664.7,100
1666.03,100
1666.54,100
1673.64,100
1673.93,100
1674.19,100
1674.85,100
1676.67,100
1677.07,100
1677.77,100
1680.34,100
1684.38,100
1686.72,100
1687.19,100
1687.99,100
1691.5,100
1691.8,100
1692.18,100
1692.99,100
1693.44,100
1693.68,100
1695.22,100
1695.64,100
1695.85,100
1696.09,100
1696.27,100
1696.55,100
1697.99,100
1698.27,100
1699.32,100
1699.92,100
1700.23,100
1700.23,200
1761.76,100
1762.06,100
1762.52,100
1762.7,100
1763.14,100
1763.4,100
1763.62,100
1770.34,100
1770.91,100
1771.32,100
1771.55,100
1772.84,100
1773.11,100
1773.46,100
1774.22,100
1774.53,100
1775.43,100
1775.8,100
1776.16,100
1778.09,100
1779.5,100
1783.4,100
1783.72,100
1784.1,100
1784.55,100
1786.42,100
1786.98,100
1787.23,100
1787.48,100
1789.33,100
1789.62,100
1789.98,100
1790.43,100
1790.9,100
1791.18,100
1791.57,100
1792.93,100
1794.05,100
1794.52,100
1797.12,100
1797.6,100
1797.94,100
1800.18,100
1801.59,100
1802.46,100
1803.05,100
1804.35,100
1806.54,100
1806.84,100
1807.15,100
1808.43,100
1809.89,100
1811.75,100
1811.75,200
1839.38,100
1840.97,100
1841.13,100
1842.36,100
1843.79,100
1845.52,100
1862.75,100
1863.94,100
1864.71,100
1865.06,100
1865.32,100
1872.8,100
1873.12,100
1874.12,100
1875.53,100
1877.77,100
1878.19,100
1886.04,100
1887.41,100
1887.66,100
1887.94,100
1892.47,100
1892.72,100
1893.16,100
1893.74,100
1894.23,100
1895.49,100
1895.85,100
1897.95,100
1898.18,100
1898.43,100
1898.79,100
1899.0,100
1899.46,100
1900.07,100
1900.68,100
1901.64,100
1903.07,100
1903.47,100
1904.44,100
1905.03,100
1907.0,100
1907.59,100
1909.02,100
1910.0,100
1910.37,100
1910.43,100
1911.78,100
1912.58,100
1914.58,100
1915.69,100
1916.29,100
1916.7,100
1917.01,100
1918.03,100
1918.03,200
2003.17,100
2007.43,100
2007.91,100
2014.74,100
2015.1,100
2016.48,100
2019.49,100
2020.41,100
2024.8,100
2025.89,100
2026.31,100
2026.83,100
2027.77,100
2030.39,100
2030.72,100
2031.04,100
2031.6,100
2031.83,100
2034.54,100
2034.82,100
2035.15,100
2035.5,100
2039.36,100
2039.6,100
2040.09,100
2042.52,100
2042.76,100
2042.94,100
2044.9,100
2045.42,100
2045.72,100
2046.36,100
2047.85,100
2049.64,100
2050.55,100
2050.72,100
2051.14,100
2051.38,100
2051.84,100
2052.49,100
2054.24,100
2054.65,100
2055.0,100
2056.47,100
2056.87,100
2057.13,100
2059.56,100
2059.97,100
2060.39,100
2061.12,100
2062.56,100
2062.89,100
2063.34,100
2063.73,100
2064.06,100
2064.44,100
2064.56,100
2064.56,200
2127.12,100
2129.7,100
2132.74,100
2137.18,100
2137.37,100
2137.58,100
2139.09,100
2139.29,100
2140.01,100
2140.17,100
2140.64,100
2140.88,100
2141.87,100
2142.1,100
2145.75,100
2145.9,100
2146.12,100
2146.86,100
2147.43,100
2148.05,100
2150.38,100
2150.7,100
2150.91,100
2152.06,100
2152.83,100
2153.07,100
2153.48,100
2153.63,100
2153.86,100
2154.46,100
2157.52,100
2158.48,100
2158.91,100
2160.6,100
2162.1,100
2162.26,100
2162.72,100
2163.33,100
2164.5,100
2165.42,100
2165.6,100
2166.01,100
2166.42,100
2167.78,100
2168.38,100
2168.76,100
2169.05,100
2170.28,100
2170.99,100
2172.5,100
2172.66,100
2173.05,100
2174.73,100
2175.4,100
2175.78,100
2176.56,100
2177.12,100
2177.47,100
2177.9,100
2177.9,200
2220.73,100
2221.2,100
2221.66,100
2221.91,100
2222.38,100
2227.3,100
2227.46,100
2227.75,100
2228.25,100
2228.48,100
2229.47,100
2237.98,100
2238.74,100
2238.9,100
2239.51,100
2239.72,100
2240.27,100
2240.97,100
2243.73,100
2244.49,100
2244.76,100
2245.55,100
2245.93,100
2246.56,100
2252.25,100
2252.87,100
2253.16,100
2254.38,100
2256.2,100
2256.6,100
2259.14,100
2260.07,100
2260.4,100
2260.69,100
2265.41,100
2265.82,100
2266.05,100
2266.14,100
2267.89,100
2269.09,100
2269.48,100
2269.88,100
2270.77,100
2273.56,100
2274.02,100
2275.55,100
2275.99,100
2276.56,100
2277.6,100
2279.44,100
2279.85,100
2280.64,100
2281.25,100
2282.13,100
2282.67,100
2284.5,100
2284.78,100
2285.19,100
2285.54,100
2285.97,100
2286.5,100
2286.5,200
2289.08,100
2289.52,100
2292.65,100
2293.08,100
2293.79,100
2295.04,100
2297.16,100
2297.59,100
2297.99,100
2298.83,100
2300.1,100
2301.16,100
2301.96,100
2302.37,100
2304.15,100
2304.47,100
2304.86,100
2305.24,100
2306.63,100
2306.94,100
2307.28,100
2307.71,100
2309.71,100
2310.25,100
2310.42,100
2310.73,100
2310.97,100
2311.49,100
2311.99,100
2313.73,100
2314.16,100
2314.6,100
2315.57,100
2315.85,100
2316.44,100
2317.44,100
2317.92,100
2320.08,100
2320.25,100
2320.65,100
2321.79,100
2322.18,100
2322.54,100
2324.6,100
2325.0,100
2325.62,100
2326.59,100
2328.91,100
2329.58,100
2330.72,100
2331.25,100
2334.12,100
2334.56,100
2335.28,100
2337.64,100
2337.79,100
2339.9,100
2340.64,100
2341.37,100
2342.21,100
2342.64,100
2342.8,100
2343.25,100
2343.25,200
2424.78,100
2426.09,100
2515.36,100
2515.55,100
0.0,0
0.4,100
0.4,200
26.24,100
28.18,100
28.52,100
28.52,200
41.59,100
43.18,100
44.67,100
45.93,100
46.2,100
46.2,200
80.33,100
80.6,100
81.21,100
82.26,100
82.79,100
84.7,100
85.16,100
85.16,200
157.34,100
157.52,100
159.12,100
159.32,100
159.63,100
160.09,100
161.19,100
161.64,100
162.09,100
162.09,200
274.49,100
277.06,100
277.34,100
277.68,100
278.09,100
280.46,100
281.09,100
282.51,100
282.74,100
283.13,100
283.5,100
283.5,200
309.41,100
313.12,100
313.51,100
313.82,100
314.21,100
317.25,100
317.81,100
318.32,100
319.08,100
319.32,100
319.75,100
320.25,100
322.34,100
322.34,200
350.44,100
353.52,100
355.65,100
356.06,100
358.14,100
358.59,100
359.1,100
359.47,100
361.59,100
361.98,100
364.19,100
364.72,100
365.11,100
366.0,100
366.67,100
366.67,200
444.54,100
445.74,100
446.09,100
446.44,100
446.83,100
447.49,100
450.79,100
451.45,100
454.49,100
454.94,100
457.9,100
458.28,100
459.73,100
460.72,100
461.31,100
461.82,100
464.15,100
464.15,200
0.0,0
5.8,100
5.8,200
8.71,100
11.12,100
12.1,100
12.1,200
33.39,100
34.82,100
35.15,100
35.51,100
36.83,100
36.83,200
84.31,100
88.1,100
88.29,100
88.69,100
89.13,100
90.04,100
90.79,100
90.79,200
159.96,100
160.03,100
161.22,100
163.06,100
163.35,100
163.58,100
163.82,100
165.88,100
166.21,100
166.21,200
195.93,100
197.15,100
198.01,100
201.41,100
201.6,100
201.91,100
202.18,100
202.45,100
202.82,100
204.9,100
205.61,100
205.61,200
242.02,100
243.3,100
250.01,100
251.11,100
252.8,100
254.05,100
254.94,100
255.28,100
256.82,100
257.28,100
257.74,100
260.68,100
261.19,100
261.19,200
318.75,100
319.08,100
331.63,100
333.76,100
337.37,100
337.72,100
338.11,100
338.75,100
339.12,100
340.09,100
340.55,100
341.06,100
341.34,100
341.6,100
341.92,100
341.92,200
387.39,100
389.26,100
389.61,100
391.01,100
391.28,100
392.1,100
392.37,100
392.84,100
393.19,100
394.24,100
394.74,100
395.1,100
397.28,100
397.72,100
398.08,100
398.97,100
399.67,100
399.67,200
511.62,100
512.53,100
515.22,100
515.44,100
515.71,100
515.97,100
516.22,100
516.56,100
517.26,100
518.07,100
518.41,100
518.59,100
518.83,100
519.36,100
520.6,100
520.96,100
521.33,100
522.67,100
523.09,100
523.09,200
554.62,100
554.82,100
555.1,100
555.73,100
556.08,100
556.47,100
558.72,100
560.89,100
564.9,100
565.43,100
565.57,100
565.79,100
566.02,100
566.3,100
566.5,100
569.19,100
569.67,100
570.0,100
570.66,100
570.97,100
572.24,100
572.24,200
617.23,100
618.45,100
619.35,100
619.65,100
619.88,100
619.97,100
620.22,100
620.43,100
621.58,100
621.96,100
622.24,100
622.76,100
623.12,100
624.78,100
625.63,100
626.23,100
627.03,100
627.44,100
630.23,100
630.47,100
630.82,100
631.86,100
632.18,100
632.18,200
659.01,100
664.7,100
665.18,100
665.45,100
666.01,100
668.06,100
668.27,100
668.57,100
668.75,100
668.91,100
669.38,100
669.91,100
671.99,100
673.27,100
673.52,100
673.91,100
674.18,100
674.81,100
675.82,100
676.21,100
676.43,100
676.78,100
676.91,100
677.24,100
677.51,100
677.51,200
709.58,100
713.19,100
715.51,100
716.12,100
716.7,100
717.06,100
718.49,100
718.84,100
720.65,100
720.96,100
724.86,100
726.4,100
729.32,100
729.84,100
732.75,100
733.13,100
733.54,100
734.39,100
735.26,100
736.23,100
738.3,100
738.79,100
739.98,100
740.56,100
740.95,100
742.05,100
743.63,100
743.63,200
775.61,100
775.75,100
777.29,100
777.43,100
777.67,100
778.67,100
779.23,100
779.6,100
783.82,100
784.13,100
784.47,100
785.15,100
785.94,100
788.48,100
788.61,100
789.04,100
789.26,100
789.76,100
790.23,100
791.49,100
791.72,100
792.28,100
792.61,100
793.0,100
793.39,100
794.2,100
794.63,100
795.2,100
795.38,100
795.38,200
795.85,100
832.1,100
832.45,100
835.46,100
838.04,100
838.18,100
838.35,100
838.56,100
846.36,100
846.75,100
846.98,100
847.54,100
847.84,100
848.91,100
849.46,100
852.07,100
852.33,100
852.68,100
852.99,100
854.25,100
855.6,100
856.33,100
856.89,100
857.07,100
857.64,100
858.08,100
858.4,100
859.57,100
860.08,100
860.41,100
861.27,100
861.27,200
900.78,100
902.63,100
903.25,100
903.79,100
910.48,100
910.67,100
910.92,100
911.09,100
911.35,100
911.73,100
912.85,100
914.55,100
915.24,100
915.41,100
916.7,100
917.14,100
917.79,100
918.23,100
918.62,100
919.2,100
919.78,100
920.31,100
921.03,100
921.4,100
921.65,100
921.82,100
922.39,100
922.68,100
925.11,100
925.56,100
926.92,100
928.71,100
929.15,100
929.15,200
982.31,100
984.06,100
985.87,100
993.86,100
994.91,100
1008.09,100
1010.18,100
1010.4,100
1010.91,100
1011.76,100
1012.37,100
1012.79,100
1013.31,100
1014.13,100
1015.52,100
1017.42,100
1017.83,100
1019.46,100
1019.5,100
1019.91,100
1020.09,100
1020.45,100
1020.67,100
1020.82,100
1021.43,100
1021.79,100
1022.83,100
1023.35,100
1023.62,100
1025.24,100
1025.78,100
1026.16,100
1026.63,100
1027.39,100
1027.79,100
1027.79,200
1050.98,100
1052.85,100
1053.3,100
1053.83,100
1060.08,100
1060.36,100
1060.69,100
1061.25,100
1062.92,100
1063.63,100
1067.38,100
1067.61,100
1067.85,100
1068.11,100
1069.17,100
1073.96,100
1074.16,100
1074.84,100
1080.75,100
1084.65,100
1085.3,100
1085.6,100
1085.91,100
1086.03,100
1086.71,100
1087.95,100
1088.29,100
1088.61,100
1088.78,100
1089.37,100
1089.66,100
1090.29,100
1091.3,100
1091.94,100
1092.29,100
1092.66,100
1093.09,100
1093.09,200
1146.32,100
1174.25,100
1174.55,100
1175.01,100
1176.27,100
1176.54,100
1176.59,100
1176.82,100
1182.63,100
1183.81,100
1184.06,100
1184.28,100
1185.98,100
1186.25,100
1186.61,100
1186.96,100
1187.23,100
1187.53,100
1188.98,100
1190.21,100
1190.43,100
1192.62,100
1192.94,100
1195.01,100
1195.24,100
1196.7,100
1197.91,100
1197.95,100
1198.38,100
1198.68,100
1199.02,100
1199.33,100
1199.54,100
1199.94,100
1200.38,100
1201.29,100
1203.04,100
1203.51,100
1203.84,100
1203.84,200
1232.09,100
1233.58,100
1236.64,100
1238.14,100
1239.35,100
1240.71,100
1256.59,100
1266.22,100
1267.33,100
1267.51,100
1268.67,100
1269.0,100
1271.67,100
1273.37,100
1273.63,100
1274.17,100
1274.59,100
1275.29,100
1275.87,100
1276.7,100
1277.12,100
1277.3,100
1277.8,100
1278.15,100
1279.44,100
1279.82,100
1280.13,100
1280.83,100
1283.08,100
1283.36,100
1283.79,100
1284.27,100
1284.68,100
1284.98,100
1285.39,100
1287.18,100
1288.83,100
1290.09,100
1290.64,100
1291.68,100
1292.56,100
1292.56,200
1322.12,100
1355.68,100
1414.25,100
1520.23,100
1522.15,100
1526.82,100
1527.68,100
1530.11,100
1530.35,100
1530.8,100
1533.74,100
1534.66,100
1535.31,100
1535.83,100
1536.18,100
1537.88,100
1538.36,100
1542.03,100
1543.4,100
1543.63,100
1544.47,100
1546.22,100
1546.41,100
1546.7,100
1547.18,100
1547.66,100
1548.75,100
1549.26,100
1549.61,100
1550.45,100
1551.99,100
1552.95,100
1553.37,100
1553.59,100
1553.85,100
1554.27,100
1554.71,100
1555.2,100
1555.61,100
1555.89,100
1556.29,100
1557.12,100
1559.04,100
1559.04,200
1651.02,100
1682.82,100
1687.22,100
1689.4,100
1692.07,100
1692.97,100
1693.75,100
1695.43,100
1695.81,100
1696.09,100
1696.74,100
1697.98,100
1698.34,100
1698.69,100
1699.31,100
1702.46,100
1702.63,100
1703.01,100
1703.36,100
1703.46,100
1704.4,100
1704.73,100
1705.31,100
1706.03,100
1709.01,100
1709.29,100
1709.63,100
1709.96,100
1710.77,100
1711.06,100
1711.51,100
1712.65,100
1713.31,100
1713.83,100
1714.2,100
1714.64,100
1715.08,100
1715.59,100
1716.11,100
1718.29,100
1718.72,100
1719.05,100
1719.8,100
1720.67,100
1721.36,100
1721.36,200
1749.85,100
1751.06,100
1751.36,100
1751.76,100
1752.93,100
1755.64,100
1761.6,100
1762.23,100
1777.34,100
1780.98,100
1781.25,100
1781.65,100
1781.86,100
1782.22,100
1785.21,100
1787.37,100
1790.03,100
1794.76,100
1795.11,100
1795.49,100
1795.91,100
1796.28,100
1796.84,100
1797.67,100
1799.82,100
1803.81,100
1804.83,100
1805.56,100
1807.0,100
1809.14,100
1809.46,100
1809.94,100
1811.09,100
1811.61,100
1812.23,100
1813.46,100
1814.8,100
1815.08,100
1815.68,100
1815.98,100
1817.47,100
1818.37,100
1818.68,100
1819.13,100
1819.6,100
1821.2,100
1821.66,100
1821.66,200
1850.24,100
1897.22,100
1899.34,100
1900.59,100
1904.2,100
1905.08,100
1905.44,100
1906.41,100
1906.78,100
1908.85,100
1909.64,100
1909.96,100
1910.44,100
1911.24,100
1915.89,100
1916.29,100
1917.11,100
1920.28,100
1920.62,100
1922.95,100
1926.02,100
1926.43,100
1926.7,100
1926.95,100
1927.25,100
1928.49,100
1928.69,100
1929.51,100
1930.06,100
1930.3,100
1930.76,100
1931.08,100
1931.56,100
1932.4,100
1934.36,100
1935.06,100
1935.71,100
1936.28,100
1936.92,100
1937.62,100
1938.07,100
1939.21,100
1940.22,100
1940.67,100
1941.15,100
1943.26,100
1943.76,100
1944.15,100
1944.53,100
1944.53,200
1972.65,100
2011.6,100
0.0,0
3.34,100
3.34,200
6.06,100
6.66,100
6.95,100
6.95,200
13.08,100
13.23,100
14.01,100
14.54,100
15.85,100
15.85,200
35.38,100
35.96,100
36.27,100
36.6,100
38.26,100
38.55,100
38.89,100
38.89,200
70.61,100
70.86,100
71.53,100
72.99,100
73.27,100
73.88,100
74.33,100
74.96,100
75.46,100
75.46,200
90.9,100
91.82,100
93.74,100
94.46,100
94.73,100
95.12,100
95.72,100
96.1,100
96.74,100
97.57,100
98.17,100
98.17,200
164.77,100
165.39,100
165.91,100
166.14,100
167.1,100
167.61,100
167.72,100
168.21,100
169.4,100
169.72,100
169.94,100
170.37,100
171.31,100
171.31,200
226.61,100
227.73,100
229.98,100
230.19,100
230.51,100
231.12,100
231.54,100
232.1,100
232.54,100
233.29,100
234.36,100
234.85,100
235.34,100
235.68,100
235.99,100
235.99,200
305.74,100
308.7,100
309.34,100
315.44,100
316.8,100
317.99,100
318.85,100
320.86,100
321.01,100
321.37,100
321.74,100
322.01,100
323.94,100
324.38,100
324.72,100
325.78,100
326.56,100
326.56,200
364.18,100
364.63,100
364.84,100
370.23,100
370.49,100
370.68,100
371.22,100
372.83,100
373.24,100
373.48,100
373.74,100
374.13,100
374.54,100
374.98,100
375.42,100
376.59,100
377.06,100
377.52,100
379.88,100
379.88,200
433.58,100
434.15,100
434.56,100
434.92,100
435.34,100
435.79,100
437.03,100
438.31,100
438.6,100
439.08,100
439.36,100
440.49,100
441.45,100
441.86,100
442.25,100
442.4,100
442.91,100
444.6,100
444.99,100
445.3,100
446.4,100
446.4,200
484.72,100
487.01,100
487.46,100
488.13,100
488.56,100
490.64,100
491.14,100
491.5,100
491.65,100
491.76,100
492.9,100
494.77,100
496.34,100
497.13,100
497.33,100
499.9,100
502.68,100
503.42,100
503.85,100
504.18,100
506.46,100
507.03,100
507.57,100
507.57,200
593.92,100
596.24,100
596.63,100
597.55,100
600.04,100
600.38,100
601.97,100
602.29,100
602.63,100
602.81,100
603.33,100
603.6,100
605.29,100
605.97,100
606.61,100
606.96,100
607.39,100
607.53,100
608.81,100
609.17,100
609.78,100
610.14,100
610.37,100
611.59,100
612.58,100
612.58,200
666.43,100
667.13,100
673.78,100
673.98,100
674.27,100
674.53,100
675.21,100
675.64,100
676.99,100
678.58,100
678.77,100
679.0,100
679.3,100
680.71,100
681.61,100
681.89,100
682.52,100
682.81,100
683.15,100
683.72,100
684.92,100
685.17,100
685.48,100
686.65,100
687.28,100
687.66,100
688.12,100
688.12,200
688.42,100
732.17,100
732.33,100
733.22,100
733.81,100
736.49,100
736.96,100
740.86,100
741.22,100
744.21,100
744.44,100
744.72,100
745.66,100
745.9,100
746.33,100
747.27,100
747.63,100
749.99,100
752.69,100
753.2,100
753.56,100
754.71,100
755.96,100
756.09,100
756.84,100
757.15,100
757.64,100
757.87,100
758.05,100
758.05,200
809.08,100
824.5,100
825.62,100
833.05,100
833.39,100
834.35,100
834.9,100
835.13,100
837.12,100
837.45,100
837.68,100
837.9,100
838.17,100
838.86,100
840.04,100
840.39,100
842.16,100
842.81,100
843.1,100
843.61,100
843.97,100
844.31,100
844.92,100
846.01,100
846.32,100
846.7,100
847.83,100
849.58,100
850.0,100
851.24,100
851.82,100
851.82,200
921.68,100
922.09,100
922.41,100
926.21,100
927.04,100
927.49,100
928.8,100
928.99,100
929.37,100
932.02,100
932.35,100
932.62,100
933.15,100
935.21,100
935.6,100
936.0,100
936.65,100
937.18,100
939.29,100
939.6,100
942.3,100
942.72,100
943.13,100
943.39,100
944.11,100
944.47,100
944.89,100
945.47,100
946.74,100
947.08,100
947.44,100
948.44,100
949.09,100
949.09,200
979.55,100
980.53,100
986.09,100
986.29,100
994.91,100
995.54,100
995.76,100
995.99,100
996.99,100
999.51,100
999.78,100
1000.44,100
1000.91,100
1001.33,100
1001.57,100
1001.8,100
1001.97,100
1002.88,100
1005.49,100
1005.76,100
1006.13,100
1006.36,100
1008.7,100
1008.96,100
1009.22,100
1009.53,100
1010.09,100
1010.88,100
1012.46,100
1012.87,100
1014.13,100
1014.94,100
1015.61,100
1017.88,100
1018.34,100
1018.34,200
1072.69,100
1072.97,100
1073.21,100
1073.77,100
1078.69,100
1081.29,100
1082.07,100
1082.29,100
1085.32,100
1087.69,100
1088.63,100
1089.03,100
1089.74,100
1090.18,100
1090.84,100
1092.86,100
1093.8,100
1095.61,100
1095.79,100
1096.19,100
1096.55,100
1096.95,100
1099.62,100
1100.16,100
1101.16,100
1101.43,100
1101.68,100
1102.07,100
1102.83,100
1103.86,100
1105.26,100
1107.35,100
1107.69,100
1108.04,100
1108.53,100
1108.73,100
1109.08,100
1109.08,200
1180.0,100
1180.26,100
1196.54,100
1197.41,100
1197.88,100
1198.53,100
1198.7,100
1198.89,100
1199.57,100
1199.94,100
1200.04,100
1201.19,100
1201.94,100
1202.81,100
1203.36,100
1204.55,100
1205.27,100
1205.97,100
1206.19,100
1206.55,100
1206.92,100
1207.22,100
1207.47,100
1208.39,100
1208.82,100
1210.6,100
1211.92,100
1212.33,100
1212.69,100
1213.92,100
1214.1,100
1214.63,100
1215.71,100
1216.42,100
1216.8,100
1217.08,100
1217.49,100
1219.41,100
1219.72,100
1219.72,200
1291.5,100
1292.57,100
1295.88,100
1296.33,100
1296.52,100
1297.36,100
1301.68,100
1301.84,100
1303.07,100
1303.34,100
1305.66,100
1306.13,100
1307.29,100
1307.69,100
1310.31,100
1310.45,100
1312.82,100
1313.25,100
1313.64,100
1313.75,100
1315.76,100
1316.29,100
1317.81,100
1320.52,100
1321.1,100
1321.51,100
1322.24,100
1322.62,100
1325.57,100
1325.98,100
1328.21,100
1328.31,100
1328.74,100
1329.08,100
1330.48,100
1331.02,100
1331.99,100
1332.97,100
1335.4,100
1335.76,100
1336.22,100
1336.22,200
1400.03,100
1400.63,100
1407.13,100
1407.41,100
1408.42,100
1408.72,100
1410.97,100
1411.25,100
1411.79,100
1412.59,100
1416.22,100
1419.53,100
1419.76,100
1420.01,100
1420.7,100
1422.95,100
1423.25,100
1423.57,100
1423.83,100
1424.67,100
1426.94,100
1428.79,100
1430.55,100
1431.01,100
1431.49,100
1431.9,100
1432.15,100
1432.83,100
1432.95,100
1433.53,100
1434.19,100
1436.01,100
1439.22,100
1439.57,100
1439.87,100
1440.18,100
1440.72,100
1441.99,100
1442.57,100
1442.86,100
1443.36,100
1443.65,100
1444.0,100
1444.0,200
1470.5,100
1472.59,100
1549.12,100
1549.5,100
1553.93,100
1554.2,100
1554.65,100
1556.71,100
1557.06,100
1557.51,100
1561.46,100
1563.08,100
1568.2,100
1568.99,100
1570.95,100
1572.07,100
1572.41,100
1573.28,100
1574.27,100
1577.22,100
1577.49,100
1577.85,100
1582.97,100
1583.16,100
1583.63,100
1584.07,100
1586.09,100
1586.37,100
1586.68,100
1587.16,100
1587.85,100
1589.69,100
1589.98,100
1590.48,100
1590.75,100
1591.45,100
1592.02,100
1592.69,100
1593.0,100
1593.34,100
1594.19,100
1594.61,100
1595.29,100
1597.23,100
1597.57,100
1597.57,200
1652.13,100
1652.4,100
1652.85,100
1653.55,100
1654.54,100
1654.99,100
1661.64,100
1681.95,100
1686.43,100
1686.85,100
1688.75,100
1689.42,100
1690.58,100
1691.04,100
1691.51,100
1692.18,100
1693.56,100
1693.99,100
1694.97,100
1695.57,100
1697.52,100
1700.17,100
1700.64,100
1700.83,100
1701.67,100
1702.47,100
1705.87,100
1706.15,100
1706.49,100
1706.82,100
1707.36,100
1709.07,100
1710.07,100
1710.84,100
1711.38,100
1711.82,100
1712.11,100
1712.37,100
1712.76,100
1713.27,100
1714.12,100
1714.36,100
1714.83,100
1716.28,100
1716.58,100
1716.82,100
1717.19,100
1717.19,200
0.0,0
2.99,100
2.99,200
5.84,100
6.2,100
6.52,100
6.52,200
24.43,100
25.14,100
25.48,100
26.02,100
26.3,100
26.3,200
39.88,100
40.25,100
40.43,100
41.09,100
41.23,100
41.97,100
43.39,100
43.39,200
56.95,100
57.93,100
59.4,100
60.42,100
60.66,100
60.87,100
61.15,100
62.45,100
62.67,100
62.67,200
96.83,100
97.37,100
97.64,100
99.84,100
100.05,100
100.34,100
100.62,100
102.22,100
102.56,100
102.88,100
103.18,100
103.18,200
124.0,100
125.36,100
126.25,100
128.05,100
128.32,100
130.74,100
131.32,100
131.83,100
132.82,100
133.51,100
134.02,100
134.4,100
136.36,100
136.36,200
194.46,100
194.58,100
195.99,100
197.45,100
198.27,100
198.48,100
198.69,100
198.99,100
199.62,100
199.94,100
200.8,100
201.16,100
201.5,100
202.03,100
203.4,100
203.4,200
229.48,100
230.22,100
231.36,100
232.21,100
233.85,100
234.1,100
234.29,100
234.51,100
234.7,100
234.88,100
235.33,100
235.83,100
236.62,100
237.18,100
237.71,100
238.06,100
238.43,100
238.43,200
291.6,100
294.47,100
296.6,100
297.08,100
298.63,100
300.45,100
300.77,100
301.17,100
301.58,100
302.31,100
303.17,100
303.57,100
304.03,100
304.54,100
305.02,100
306.37,100
306.68,100
307.0,100
307.93,100
307.93,200
334.02,100
334.7,100
364.11,100
365.51,100
366.45,100
366.62,100
366.85,100
367.11,100
368.99,100
369.15,100
369.46,100
370.45,100
370.7,100
371.43,100
371.82,100
372.28,100
372.72,100
373.33,100
373.71,100
374.15,100
374.84,100
374.84,200
436.07,100
438.55,100
438.75,100
439.01,100
439.24,100
439.42,100
439.63,100
440.79,100
443.54,100
443.88,100
444.29,100
444.82,100
445.16,100
445.86,100
446.57,100
447.01,100
447.5,100
447.79,100
447.91,100
448.43,100
448.77,100
449.24,100
450.47,100
450.47,200
476.96,100
477.44,100
478.21,100
480.33,100
481.97,100
484.48,100
485.96,100
486.17,100
486.6,100
486.78,100
487.01,100
487.17,100
488.6,100
489.82,100
490.05,100
490.27,100
490.58,100
490.9,100
491.19,100
491.58,100
493.08,100
493.64,100
493.97,100
494.18,100
494.47,100
494.47,200
0.0,0
18.97,100
18.97,200
23.35,100
25.79,100
26.53,100
26.53,200
53.09,100
53.84,100
54.11,100
54.93,100
55.9,100
55.9,200
66.47,100
66.8,100
68.32,100
68.5,100
68.8,100
69.42,100
69.67,100
69.67,200
136.25,100
137.39,100
137.87,100
138.19,100
138.47,100
139.23,100
140.75,100
141.25,100
141.77,100
141.77,200
167.95,100
168.28,100
172.11,100
172.72,100
175.29,100
176.91,100
177.71,100
177.98,100
178.45,100
178.92,100
180.12,100
180.12,200
212.57,100
214.29,100
215.37,100
215.59,100
215.84,100
216.16,100
216.75,100
217.66,100
218.02,100
218.34,100
218.68,100
219.64,100
220.16,100
220.16,200
245.43,100
247.15,100
248.09,100
248.87,100
250.4,100
250.55,100
250.99,100
251.43,100
252.59,100
253.69,100
254.19,100
254.61,100
255.01,100
255.26,100
256.69,100
256.69,200
344.97,100
345.62,100
347.38,100
348.67,100
348.85,100
351.98,100
352.16,100
354.62,100
354.79,100
355.04,100
355.43,100
355.56,100
356.15,100
356.39,100
356.65,100
357.23,100
357.51,100
357.51,200
384.58,100
385.95,100
387.65,100
389.12,100
389.95,100
391.91,100
392.09,100
393.57,100
394.07,100
394.29,100
395.29,100
396.0,100
396.18,100
398.62,100
398.8,100
399.07,100
399.48,100
400.82,100
401.13,100
401.13,200
475.95,100
479.15,100
479.36,100
480.27,100
482.05,100
482.14,100
482.87,100
483.31,100
484.23,100
485.44,100
485.74,100
485.95,100
486.19,100
486.5,100
486.71,100
486.94,100
487.16,100
487.67,100
488.07,100
488.67,100
489.21,100
489.21,200
518.38,100
519.39,100
535.88,100
537.32,100
540.64,100
541.24,100
541.61,100
542.11,100
543.43,100
543.86,100
544.39,100
544.68,100
545.31,100
546.0,100
547.1,100
547.33,100
547.8,100
548.18,100
548.55,100
548.88,100
549.67,100
549.92,100
550.3,100
550.3,200
620.24,100
620.7,100
620.96,100
621.26,100
621.45,100
622.11,100
622.85,100
623.42,100
625.26,100
625.42,100
625.55,100
625.93,100
626.33,100
626.65,100
627.17,100
627.45,100
628.33,100
628.55,100
629.3,100
629.76,100
630.21,100
630.55,100
630.81,100
631.89,100
632.47,100
632.47,200
696.39,100
696.83,100
701.06,100
702.2,100
702.44,100
703.0,100
703.39,100
704.83,100
705.26,100
705.53,100
707.1,100
707.43,100
707.76,100
707.93,100
709.66,100
710.72,100
714.05,100
714.88,100
715.49,100
715.76,100
716.55,100
717.33,100
717.65,100
718.08,100
719.34,100
720.48,100
722.77,100
722.77,200
